1 0.9588443943196874 0.46411134843293267 0.08231121136062533 0.20145980024766902
0 0.7309100544788164 0.3421786521952583 0.12480289406758587 0.13663532092583344
1 0.9230604415859112 0.09616186911109706 0.1538791168281776 0.1729752353176916
0 0.4650172567083894 0.38434699731391286 0.08468063861970414 0.0973887303552929
1 0.5386507707062458 0.5854878122438902 0.27901977254783117 0.38210198635114895
2 0.22202246547112475 0.009242259305624913 0.09716993094224949 0.018484518611249827
1 0.4272280435830531 0.28107860215247704 0.22450723516896431 0.33751292431665564
2 0.6871914495548083 0.7705990587292335 0.25140822477740415 0.4104067688161376
3 0.8530349708421319 0.7660099503760127 0.16685899011264302 0.2258091368892682
0 0.7463257849562037 0.8540622220876346 0.14000155917039336 0.19808224317557438
2 0.41915164373860964 0.7932725411514411 0.21607202229572967 0.3059718258882322
2 0.7427441469175774 0.15922825796258136 0.2614609319506556 0.3184565159251627
2 0.3259643724512861 0.7944776302742396 0.15658776165206795 0.3016438908182096