1 0.6241470174531656 0.3166336590738484 0.17797636444504547 0.45097191015912913
0 0.596846762992234 0.8051662813499074 0.11289328652459396 0.20921074505632156
0 0.04901242410814321 0.14969935124083725 0.0752841923687925 0.20033848960843983
0 0.40658164204777625 0.367907309926698 0.12166826866768635 0.1754913089182919
2 0.867845055605908 0.8295917530252186 0.12905584902377001 0.3305065908492771
3 0.13080830032760685 0.4377945669640635 0.164911528406919 0.32833208565349703
3 0.8817571457012242 0.525505186565358 0.14032853977100465 0.26106817599857096
3 0.07069078084584628 0.6029007608957633 0.14138156169169255 0.21830152179152656
0 0.6875215450493057 0.13646519385482514 0.07136825973923262 0.1548074683211164
0 0.7423220933450224 0.17862519670481675 0.06969666558343128 0.14844820767745465
0 0.7129217763849146 0.7874703189808759 0.11749896590774292 0.20485102698730664