0 0.3105397541873739 0.3374519807170489 0.17221348960843982 0.07576633225631957
0 0.14887636246557667 0.5567078609416669 0.14718063861970404 0.09702308320625015
0 0.023034218359553636 0.6674972777354167 0.04606843671910727 0.10508884992375016
0 0.07095491417127606 0.9860472559839237 0.12863845222957299 0.027905488032152446
0 0.2682990797782868 0.784853657578785 0.1857732450563214 0.11352090539458341
0 0.33785746295010927 0.7301310964083683 0.20695983020561534 0.1264936840799308
3 0.5119822858662576 0.4110025027528824 0.2522501868943342 0.21646537385944473
3 0.44006409117825324 0.5666154166968407 0.3350519792168797 0.15131445896555587
0 0.6818806145592636 0.7342257164680909 0.1742458831718224 0.06021406743868063
0 0.7110607441247898 0.9535039733082294 0.2188371173323805 0.09299205338354107
0 0.8635551295655262 0.23998802003906325 0.13115144703379294 0.06857077488562506
3 0.6541583502324311 0.2578073804120492 0.3075061334239241 0.13663370991548635