0 0.2138192875540938 0.8554692657518155 0.12275979282674845 0.0892534318225902
0 0.7090889568442754 0.5447567114900534 0.1894116972858944 0.15373026212797142
2 0.871997099273201 0.5366100163315437 0.2560058014535979 0.22359596516238903
0 0.629703197537996 0.16231074437081033 0.19860102698730664 0.12962308243141335
1 0.4135922424584314 0.1017382944650976 0.33375155917039334 0.2034765889301952
0 0.14640437848024546 0.22847620211633357 0.20234873986054133 0.16100062818904784
1 0.0760258125245881 0.3905773315133294 0.10878441015912912 0.1782203369733412
3 0.05193737454497309 0.6416135440906446 0.026736734664761258 0.18239791181871076
0 0.08046620215269838 0.7799267449990301 0.05822739926336584 0.09952151000193972
0 0.08940062563025386 0.17734400787590776 0.09425201659574647 0.19256987939699582
0 0.22528203939567923 0.6148921921143939 0.12555701089576327 0.0848210233378591