0 0.5655318549718749 0.7367195608809137 0.10701475879399176 0.16413641233702023
0 0.5195021357265999 0.8131962861241473 0.06080969636645772 0.07595457386326183
0 0.7295442366640804 0.06276345820040038 0.10966152667183912 0.12552691640080077
0 0.9223221837794441 0.20780007955189533 0.06836684697528099 0.14941934740221224
0 0.6159441222699942 0.06781519683631465 0.14623675546001175 0.1356303936726293
0 0.49488219424042584 0.049197610391151045 0.10711061151914833 0.09839522078230209
0 0.5034128160513779 0.23617586445163613 0.13147262485506808 0.17704551542127547
0 0.44403768711342406 0.1989855560096497 0.11249948424818439 0.15487050649282175
0 0.45653807392728574 0.31344747646434495 0.10137079454968649 0.11410913879807003
0 0.5546728139253461 0.3632235596630977 0.11709138939893542 0.13466710064862308
0 0.4172689245264106 0.49824521631807517 0.1266256281890478 0.19412392126547412
0 0.4213341554406151 0.36243044724335177 0.07653029121570665 0.09651253571381488
0 0.37288055104846846 0.31568786079818817 0.1425057197043169 0.19752165665497756
0 0.3452496296868599 0.2623407183466701 0.11843049091614422 0.1893000535707224
0 0.3272803639350444 0.10974755235620173 0.11941916394474275 0.14406937418757346
0 0.23775547832913074 0.10740953084584628 0.1287941639447427 0.1442330154212755
0 0.2737251871134241 0.20195837175523676 0.155260811219586 0.20086484496658025
0 0.22987959226417512 0.2230072573068959 0.059342791215706646 0.09621252678536119
0 0.1808998293872975 0.1731533076312075 0.07745506242753394 0.08872730925276526
0 0.3394944819529747 0.4379719638824432 0.10880065727678297 0.10955800649282174
0 0.2877723563490007 0.3834850612846555 0.10822657242947357 0.14075345941492107
0 0.34891766619146086 0.5423458181845143 0.10484648091420459 0.1375739123370204
0 0.23641792406736864 0.6207629188331374 0.09719347758022467 0.12027731818121908
0 0.6643181072670845 0.13819055763450278 0.09005065727678278 0.1092307240254177
0 0.1937509025656772 0.26420500162485305 0.08867934697528086 0.1497739034085667