1 0.85234375 0.253125 0.16328125 0.34921875
1 0.68359375 0.6 0.2015625 0.265625
1 0.2578125 0.8265625 0.18671875 0.2578125
0 0.634375 0.303125 0.0625 0.13671875
0 0.76328125 0.2640625 0.05625 0.1375
0 0.16484375 0.19296875 0.06171875 0.11953125
0 0.11953125 0.36796875 0.04375 0.1578125
0 0.29296875 0.6875 0.06015625 0.09140625
3 0.415625 0.6 0.06875 0.28359375
3 0.33828125 0.46875 0.13671875 0.34609375
3 0.84453125 0.76796875 0.1640625 0.20859375
2 0.525 0.26484375 0.1359375 0.28203125
3 0.19453125 0.3515625 0.071875 0.14140625
0 0.92890625 0.9484375 0.0765625 0.103125