0 0.6577296278514806 0.4332061174942714 0.14529054203601816 0.21700827488562519
0 0.8492212266264338 0.6614253025241326 0.11843551611703669 0.1774002610179167
0 0.5997064080593038 0.9284984740675352 0.09470549019805521 0.1378649823325695
0 0.28138563501504443 0.9616317502843404 0.06048773213953691 0.04974673328249999
1 0.4416109440630539 0.8995847121481425 0.2116578358154626 0.20083057570371493
1 0.39269853308254515 0.5853082524685419 0.22814128972694386 0.2906652868534724
0 0.34121607111254554 0.4157036140757988 0.10093636635259244 0.10214568787965281
0 0.19557208897300854 0.3639748470739585 0.13611103166842559 0.20120143692972228
1 0.3882709795476388 0.05347767743041698 0.1952919590952776 0.09342661094166682
3 0.6249677715836569 0.2726134564001047 0.18251713996249955 0.2147560970739585
2 0.5551645365693979 0.1431246717308338 0.21970407313879575 0.2655198164887501
3 0.6854774616871758 0.10873410077677141 0.1100762119699997 0.17096842306201396