2 0.8813160977084525 0.8184311697175313 0.23736780458309487 0.32642746042459264
0 0.5068105514401313 0.812799808908826 0.2034180907065437 0.3042315558566081
0 0.2037260786919079 0.19650094301173798 0.11900563335454448 0.1623915366347314
0 0.6945136160089087 0.10198289687760984 0.07965223201781732 0.13534435775648762
0 0.6461579320098633 0.10647564506858753 0.0766908640197265 0.1492430834462281
0 0.6054062100174992 0.16055563545764912 0.11124767735518085 0.1666696008590826
0 0.5674356847151342 0.38655156942427554 0.10928518801718105 0.1322127137039529
1 0.7213686593729982 0.329814647782121 0.25218285471036167 0.33489505766563055
1 0.5431783826782267 0.11357109283002391 0.21448176535645339 0.18144915309764625
1 0.34000792934436314 0.09901951266315615 0.2330681333545445 0.16836929895920327
3 0.36134767468968076 0.18836529567984295 0.19220677601845368 0.14592773292582972
1 0.5677276807367695 0.5458446822691457 0.26942489871099795 0.34048331637205786
0 0.4219071980824053 0.6287722896869491 0.12047722668681726 0.15466092378986113
3 0.1596719221037225 0.7719646104700211 0.08428518801718102 0.1309025192218769
3 0.5551491487905398 0.9242508067611194 0.19422380935708983 0.1514983864777612
1 0.2669138994668575 0.9886707536180446 0.12381930800445433 0.022658492763910944