1 0.5438778036335423 0.06173283467146495 0.2841193927329154 0.1234656693429299
1 0.45985619769509195 0.8215248326688801 0.24234596516238902 0.3030806369509051
0 0.732669752415896 0.17376275139350122 0.13555434697528082 0.15634773442229638
0 0.7751763746858902 0.24331498535437227 0.10720620636839744 0.1327705320782579
0 0.7447082693756595 0.4356724660760408 0.11756962152108805 0.1645211798265045
0 0.29290523499709054 0.06938345080287897 0.11418953000581897 0.13876690160575794
0 0.24869439664662343 0.5140882742155769 0.12311799091614424 0.1944089389258032
3 0.520762133600568 0.91321288248431 0.17040783697334128 0.10728847316352948
3 0.09084930104846844 0.31514653377630086 0.10538835697722053 0.20570738433001132
1 0.33829941739940883 0.6350237330380204 0.2515934194047545 0.3021189142488009
2 0.6610834710329512 0.6889464628368384 0.2013063769810998 0.3144396391103733
2 0.6113707713325136 0.7838374606773699 0.17857050758604381 0.28345045496493204
1 0.14234931754919003 0.693433417644887 0.2610957072864813 0.38044417334809955