0 0.35423836838753814 0.9116856139765239 0.17753185775648764 0.0872144742194024
1 0.5196940292871005 0.6981100356186786 0.3399986374938141 0.2437588025772479
0 0.8974737912728881 0.7889442390343245 0.09249511646291494 0.09989818068726616
0 0.9433373264372815 0.4935974395092943 0.06042624491161739 0.08263543758467104
0 0.849228716078802 0.01667852979512691 0.14686171189493075 0.03335705959025382
0 0.735239300656684 0.33154225407232985 0.12827548620519008 0.06905097241038013
1 0.35846876074259215 0.34038050203616493 0.31631547602842486 0.23784299525030156
3 0.1490229189286211 0.5033695822030326 0.2980458378572422 0.13110167231952302
3 0.29237344923177444 0.26359667401700376 0.2448698439616777 0.1530718475797223
0 0.134295355608781 0.18773793815049794 0.15689180913596862 0.07989994120271567
0 0.9590607394845504 0.019511402081593444 0.07729284034363318 0.03902280416318689