2 0.8308706426352401 0.7664855070019401 0.3022470685964723 0.3429613486335391
3 0.778965858337004 0.6016888862207004 0.17008435462398896 0.22286212504240907
0 0.7227902031727101 0.1577950424813026 0.09627977767481415 0.12040675843752044
3 0.86171875 0.21080600291040685 0.2765625 0.4216120058208137
3 0.5844692584375204 0.0832936165200705 0.1501885168750409 0.166587233040141
1 0.5470585715916971 0.277351118249351 0.25479171523842775 0.36939487386128267
0 0.4514806875636134 0.22828119038920242 0.11504962504240904 0.16631945916315993
0 0.37447175426116924 0.19577127995224888 0.11526787985173241 0.1725694591631599
0 0.2308011106144387 0.1358655450131913 0.10102184137714507 0.12213294954451306
0 0.11566967313564325 0.22123510453917095 0.10745537985173241 0.17229664065150568
3 0.6422768462712865 0.4281199553653268 0.20667661905195925 0.24286709019601868
3 0.42285472367594823 0.4389111555428121 0.13316470798203356 0.1934821598887993
0 0.42831109390903377 0.5951611555428121 0.1358531983633867 0.1810912872934612
1 0.34017866604888514 0.6921031321291672 0.2543204892850448 0.40059031015895175
0 0.2350497111468945 0.7951140594411616 0.10200398801910049 0.1502579495445131
3 0.45047879290539267 0.8939706777753307 0.16384922359113024 0.13369049763774718
1 0.5761062754821975 0.9075743315888621 0.13012898801910033 0.15124009618646853