1 0.039839124117644585 0.6420678280549608 0.07967824823528917 0.26273934389007836
3 0.10535559143035474 0.4779849445105814 0.17738086289290517 0.3513304824490227
0 0.3693577432916106 0.39311688486452767 0.16002983590559855 0.23699519780928666
3 0.8481237015501429 0.9163722476257317 0.07672602698730664 0.11606292069139812
0 0.7194684598480162 0.8273361428485935 0.08755426634364483 0.11481866943775679
0 0.5795922228374664 0.9210670739648327 0.06935056956195354 0.12208560015828454
0 0.7196369766958641 0.5684839800747543 0.09105060694082034 0.16481866943775678
1 0.791735487843729 0.4182506478631584 0.25952709135348007 0.27731397241989286
0 0.6844571274718392 0.03622385876917099 0.07857275025210164 0.07244771753834198
0 0.8690295973824395 0.2717644412783831 0.11252141535490914 0.137375631037097
0 0.13959809554085406 0.05796561269469689 0.10205380891829186 0.11593122538939378