1 0.08462264164073913 0.44344283510611116 0.16924528328147825 0.22751067021222232
0 0.051136211446811256 0.6380279832825 0.10227242289362251 0.10418096656499998
0 0.07287484375205955 0.30259962955902786 0.10163641233702041 0.09607752583555565
0 0.08487601177112282 0.24191670269729176 0.08535684740221224 0.058213849923750074
1 0.240278757713933 0.42842051320211827 0.2312614569792891 0.1849971683123613
0 0.020965696025535756 0.86159211664125 0.04193139205107151 0.08255923328249999
0 0.4974384671288541 0.3374916143601393 0.15379893019392785 0.1316526563445141
3 0.8387553936726293 0.5744351020110423 0.1321693920444808 0.14520601006798622
0 0.25784098986032084 0.9446637622521876 0.10265344155801363 0.06486389342673604
0 0.266162967939633 0.19924215947864604 0.23528648376465036 0.2366324034947224
2 0.8703344504897625 0.42198290244788267 0.25027628408896174 0.2900847118153475
1 0.6050745000065906 0.968646122909514 0.1888091298696164 0.06270775418097188