0 0.593741028944357 0.7589057062555709 0.08639560266810484 0.16008570533113406
0 0.5361199587271119 0.8239600564138554 0.05220430913596861 0.07328438730530315
0 0.8550260939616777 0.11596072215719548 0.09404432835784533 0.15718802586424746
0 0.9964323439616777 0.3266899705078429 0.007135312076644596 0.1490739974927176
0 0.7452892458161285 0.08659593180956686 0.12964763568479148 0.17319186361913372
0 0.625972679782755 0.051745390274803994 0.09504026232447185 0.10349078054960799
0 0.6059035984842334 0.24448785359000383 0.11205069990914289 0.17331313103709697
0 0.5529966044771273 0.19047395500192965 0.09536116689245625 0.1525459899708701
0 0.5482825282669884 0.30954220374828845 0.08838082654882307 0.10865959765100204
0 0.635929692445911 0.384453624043975 0.1019453595655099 0.1293358105039836
0 0.4814269781761313 0.48205971291948846 0.10357645861557038 0.19022784639736087
0 0.5064978199901023 0.34831519873372346 0.06585072930778502 0.09552310015828454
0 0.4666673580951719 0.2900086052393565 0.12092773292582973 0.19385295157021032
0 0.44776687188998177 0.22796324630558332 0.09551829715018094 0.18531302586424747
0 0.4512969063770066 0.0713722655059132 0.10243668249628843 0.13871081050398354
0 0.3641310990500603 0.05645928549766591 0.11263719810012063 0.11291857099533183
0 0.38499687697836443 0.14998065030393384 0.13178334577069997 0.19260870031656913
0 0.3392716191764483 0.15835309144930293 0.04718261646291495 0.09654003087881238
0 0.29919549581612853 0.09535899795493594 0.0668400192218769 0.08463106426490725
0 0.41466884610938426 0.4026282771843957 0.09742827792830422 0.10268238229073816
0 0.3727026741285454 0.33342964779665135 0.09141729534115868 0.13683006175762474
0 0.4084774790806425 0.5084380079840658 0.08977290818602893 0.13522209765100204
0 0.28811406942427553 0.5557569403539462 0.08418464947960161 0.11789820533113407
0 0.7766797659425164 0.18866008775488624 0.0771976650834338 0.10365384890464328
0 0.2986809187014785 0.1900493723281153 0.07019739258219673 0.14869356426490726