3 0.7376750917120003 0.7077711252029253 0.1708700926364372 0.13825338887180577
0 0.5936439468848498 0.7350652347416359 0.11842705423577726 0.15797602698730664
1 0.616227303707052 0.892402487339526 0.1819894490629279 0.14526821337743775
1 0.32810752658916326 0.8373971851296235 0.16417747492717538 0.22978532500983526
1 0.37048731089969494 0.2222531503486466 0.2297977779093115 0.39498399011264296
1 0.20211774412750522 0.19331903922045227 0.128586967405328 0.2927880695619536
0 0.15291468065402083 0.4394399223922747 0.08248955423577739 0.1554630321830867
0 0.06940453252816503 0.17911406360986887 0.068199733702664 0.14666718639013113
0 0.7576750738318186 0.23823452136419804 0.1113419799417402 0.18242972376899802
0 0.6170403989837856 0.07978945784194266 0.1446091210079672 0.15957891568388533
2 0.8211799811953815 0.12008150406132315 0.17459814937949716 0.2401630081226463
2 0.245736048825501 0.03583395717325151 0.17272209765100205 0.07166791434650302
1 0.42313155542291164 0.5786781129697797 0.18184835972519603 0.3011904314464527
0 0.36950015775927425 0.014636664346503028 0.1015003155185485 0.029273328693006057