0 0.829203770193476 0.583476995226422 0.16760565651766238 0.07284766842151917
0 0.9007287913689108 0.5229025887087596 0.07527271077238851 0.047311337235821684
0 0.1284190167756305 0.8555318616327103 0.16141019867214013 0.08218630698520073
0 0.098054285024199 0.739298328455223 0.1819226865718917 0.11667948165323558
0 0.06214808040013052 0.6105966115345144 0.11613406010845859 0.08817268657189174
0 0.2761014960911751 0.5906012323406067 0.1755726926220159 0.09945562021691715
0 0.22107765280522926 0.5331068949083934 0.15517837939029935 0.08527494554888211
0 0.34840322208707003 0.5292410306434044 0.10985678903121965 0.0834488251355733
0 0.4255293243500063 0.6256706030485033 0.13022383118569744 0.09294199980360815
0 0.5355123366466465 0.46096268755385034 0.19738406010845858 0.08864538524403187
0 0.39111744203284077 0.48524104576871496 0.09721134328594587 0.058376102262936415
0 0.3299254119786114 0.44184556977282013 0.19903746369925476 0.10427947560311139
0 0.2641731469514968 0.42035236485416405 0.1926420179539809 0.07924311416679294
0 0.09621803249011622 0.423673328455223 0.14117042154477705 0.09456813231716557
0 0.07066806576579934 0.32928752420049684 0.138118144417414 0.1070499515990063
0 0.1825322615110732 0.35363756352630416 0.19755677693097132 0.11833288524403188
0 0.19396466520006528 0.30435063583320704 0.09866475897699045 0.03963519262201594
0 0.12808058996629618 0.26020118091455097 0.0863011143631847 0.06299996974937896
0 0.4522725897699044 0.3880069765850701 0.10209883118569749 0.09277837334017516
0 0.3801294241770557 0.3423313831027325 0.13953519867214012 0.082059041958086
0 0.5663078186926656 0.382655880372258 0.1364011083130606 0.08047836123992669
0 0.6225891140685971 0.2534178322658519 0.11762383723582168 0.07568177693097126
0 0.20997302292395056 0.7730233677810302 0.10509656615858279 0.07092155405833438
0 0.22964763514583594 0.2603915575743758 0.15501475292686626 0.05714994554888211