0 0.35517427273741303 0.12415039929526499 0.19128552768032892 0.139910178245597
1 0.2270956936879401 0.13845899420903174 0.24246070851668772 0.2093536910658786
3 0.48081877923756566 0.9474486964425621 0.23682352076024665 0.10510260711487582
3 0.21208868387647045 0.8800985306029618 0.32718853558899424 0.18366879445670073
3 0.31843684296399943 0.849182478493266 0.33286553262324475 0.16989739288512418
1 0.34170856380079584 0.7122475587247244 0.3127387164253531 0.2500557737785364
0 0.21109530338349142 0.2624765370131027 0.19996019072219057 0.1231593258882322
0 0.9911847099995625 0.5098377278695843 0.017630580000874828 0.10785104135632899
0 0.8713761591618912 0.7938402386229513 0.15764535672980182 0.11806941149637407
3 0.7786129976029041 0.8136925121965998 0.3190868755128822 0.21448214681406555
1 0.08802780688071357 0.6676819596771285 0.12830536661563355 0.16348891935425697
3 0.05705503809763326 0.577345904052776 0.07043451680591395 0.08281680810555195
3 0.1625715731551549 0.3537885876750565 0.27058570851668773 0.21066363399378396