3 0.6078125 0.78359375 0.0875 0.3296875
3 0.79921875 0.5671875 0.15546875 0.31171875
1 0.83828125 0.934375 0.08046875 0.13125
0 0.33359375 0.690625 0.07421875 0.125
1 0.6390625 0.2859375 0.1546875 0.240625
1 0.30078125 0.465625 0.17890625 0.26640625
0 0.1875 0.57578125 0.0453125 0.10078125
3 0.7140625 0.75078125 0.17265625 0.309375
2 0.79609375 0.421875 0.1734375 0.34296875
0 0.51015625 0.47890625 0.05 0.08046875
2 0.47109375 0.29921875 0.20546875 0.3796875
0 0.2765625 0.6671875 0.0671875 0.075
0 0.521875 0.0359375 0.05234375 0.071875
0 0.17265625 0.25703125 0.078125 0.1640625
2 0.728125 0.15546875 0.134375 0.3109375
0 0.46015625 0.50625 0.0625 0.09296875