0 0.24753509279496652 0.37917678063336513 0.16145565046753818 0.09093517735518084
0 0.17200837284919585 0.42380857531031924 0.075309072208707 0.05399770401018138
0 0.9271533733401751 0.23921846920755124 0.1456932533196497 0.09545904535327185
0 0.7596658914905478 0.04116387189691383 0.15029089149054792 0.051745408020362704
0 0.9258635841125636 0.3517366505410967 0.14827283177487266 0.13299540802036267
0 0.9473664002711466 0.47414745253823315 0.1052671994577068 0.09656701201463562
0 0.7558475625443455 0.45920534723109563 0.17566359621281222 0.11609880935708965
0 0.7976128817279904 0.5204422918921413 0.1536886022629364 0.09865677068745349
0 0.6795441377781146 0.5046274825748224 0.11145565046753828 0.09035337468172652
0 0.6242703096174793 0.40448257924891295 0.13184087334017497 0.10308973201781732
0 0.49613219495970695 0.5380137892664122 0.1912431444174139 0.10846812269254436
0 0.6328600353187867 0.5379854225811858 0.09725679508134384 0.06675224267981754
0 0.6831509268093343 0.5874036199077315 0.1960215480082102 0.12414766669318063
0 0.7395781888113869 0.6172178419000955 0.18806360226293622 0.09905676002545327
0 0.8944202249157402 0.6419803898790966 0.14122496369925486 0.10476132001908986
0 0.9019741705628185 0.731742323878142 0.14285109621281222 0.1157170013526354
0 0.8033003212267482 0.692262747891505 0.19608518052176754 0.13508516669318063
0 0.7848003061014379 0.7354496738940502 0.09715680113146821 0.049564742679817544
0 0.8382207427715255 0.7856127585535052 0.08633747579950324 0.06974997334499947
0 0.5614486436318471 0.6185092639242762 0.10682269262201594 0.09967383068109026
0 0.6195747610200939 0.6717428045830948 0.1380363311856975 0.09378745735199914
0 0.4551122852205907 0.6049018446053666 0.1364647408266178 0.09220677601845359
0 0.38308781517662416 0.7143410266152296 0.11924087939029934 0.0857567813494537
0 0.8455680718159236 0.3026820798854598 0.10670451795398099 0.07936133068109026
0 0.7459377940011895 0.7702792072326865 0.15041815651766247 0.07362040802036277