0 0.6482720831360327 0.5269261266242139 0.13396112602253218 0.1551857526208936
0 0.3528292024946472 0.4967319910575849 0.11569451082055267 0.2241965684754525
0 0.23363057310690288 0.4661607163805826 0.09743259263643714 0.13257027297895935
0 0.8276606840857401 0.15048713526208718 0.11337584138279588 0.14450906847545247
0 0.910006238850243 0.777622529309706 0.0979781619159091 0.1513202729789594
1 0.6601115389293852 0.763224572028422 0.2448484648980454 0.32136956199704747
1 0.2914932342313894 0.6215305343946097 0.18925168276559184 0.28661502775932135
3 0.5422891369095917 0.08958772440014709 0.20292172618081672 0.17917544880029418
3 0.14852476504369477 0.12148736890919118 0.20137594655564545 0.16730382325581444
3 0.2963401394168742 0.10655637646733034 0.1242966210079671 0.1982348457733484
0 0.34366010563506794 0.27585828655407807 0.14369983887551338 0.16828652991878953