3 0.6907077382798077 0.1328125 0.17367493676633483 0.15
0 0.8902769417035803 0.12734375 0.09096256631598436 0.1515625
0 0.46471151913067316 0.91640625 0.10638730721668548 0.1484375
0 0.3300942921096325 0.82265625 0.09951554595791859 0.1875
1 0.06769653069398193 0.91875 0.13539306138796386 0.1625
2 0.26134668723698534 0.94453125 0.09148419802510173 0.1109375
2 0.12070851403654412 0.27421875 0.15858776218161763 0.3046875
2 0.3534091949427828 0.190625 0.2566247439830203 0.2984375
0 0.6663912538575113 0.25625 0.10017688001107458 0.1734375
2 0.6124700077150227 0.5125 0.20283840992986413 0.3125
2 0.4354881145902546 0.06796875 0.15714877081949088 0.1359375