1 0.8762030263849147 0.6797450362495363 0.2248478157455871 0.18453089605020362
3 0.5850791944039779 0.6375317620339593 0.4353683043815014 0.2635732557032126
0 0.601452442375383 0.7277865222129922 0.18264095048646745 0.09130252775932135
0 0.6779366704579906 0.4591180629291234 0.1792704886359143 0.07703976866002264
3 0.9522777459428102 0.12158328038944013 0.08206029788867966 0.1410441070321154
2 0.6286106006519183 0.33429733806755096 0.24533186525911965 0.10624520974529403
0 0.22262978734196331 0.6131556323274265 0.16219208279171565 0.08218834361388012
2 0.3645269610430694 0.5759689080841629 0.19094437418757354 0.11992817550756793
0 0.2421082646137919 0.480804207281284 0.16860572402541765 0.09196386181247736
0 0.18801287419086873 0.3609713710686595 0.17811709172016937 0.1003771391103733
1 0.41126696225759013 0.1336219193429299 0.21021257142762995 0.15081723010335973
0 0.4762549882321725 0.21061641348283375 0.16868754464226865 0.09665136181247735
0 0.6138293060096498 0.42108593923957016 0.12663641233702022 0.10176036397194572
1 0.17539369196505067 0.10035404611480206 0.30070120373287823 0.14881224398302034
0 0.033759571023888116 0.3812407055832409 0.06751914204777623 0.09376858883351816