3 0.665625 0.75078125 0.12421875 0.275
0 0.60390625 0.43984375 0.08828125 0.1625
3 0.7609375 0.54921875 0.13125 0.33828125
3 0.90390625 0.8109375 0.084375 0.1875
3 0.89296875 0.12578125 0.05546875 0.1796875
3 0.9 0.559375 0.13046875 0.2453125
1 0.4203125 0.84296875 0.146875 0.30703125
0 0.165625 0.25625 0.0796875 0.175
2 0.81171875 0.09453125 0.128125 0.18515625
0 0.5640625 0.821875 0.09375 0.178125
3 0.97578125 0.78203125 0.04765625 0.21875
3 0.37109375 0.103125 0.08984375 0.11953125
3 0.64609375 0.07109375 0.1078125 0.1421875