2 0.7606240821387515 0.7418618209303427 0.24814213996249954 0.221635367244561
0 0.6561136564553258 0.8603271846602472 0.1056047425071295 0.06872007485477453
1 0.8013673678596775 0.836444420806508 0.22617010367592555 0.1661473465663966
0 0.5094599977374086 0.5800511414418914 0.21099487153638882 0.11720042431665548
0 0.2383478324215754 0.6907147754356753 0.18265525805851832 0.09565075599585597
0 0.16025151818976976 0.6406655796122858 0.14468636635259235 0.10633139081820957
0 0.08746104377944446 0.00879280314315314 0.1282029124411111 0.01758560628630628
0 0.0368752834118519 0.024490577750259 0.0387494331762962 0.048981155500518
3 0.8150236584350934 0.3246186629486253 0.31992010367592555 0.17051382299274803
0 0.9574633110742596 0.16392725786239204 0.053358737323333114 0.05850601282028158
3 0.6163736705461123 0.5408366300693518 0.24118951093324056 0.17773981803034927
3 0.3013432843068065 0.45980722374026434 0.198709485014259 0.13685795285270289