1 0.1738452341749827 0.42527323165323566 0.2313547345754292 0.36537151170746485
0 0.846788261774418 0.7260934474937898 0.13150691882984233 0.19449540944452864
3 0.7981774379111561 0.7805036915418614 0.1641751428552599 0.275927216626121
3 0.3453836745184756 0.8036532825883121 0.1937614569792891 0.18079652380771344
1 0.7468323153418452 0.1410775771786767 0.16936147483619662 0.21502607806243948
0 0.2761986668045425 0.38055160499341084 0.10119212743398434 0.15838519262201595
0 0.15042968466474532 0.8267402828828997 0.1474046542193456 0.21021131303532492
0 0.4731893003309022 0.9106249243734474 0.12191373051823931 0.17875015125310512
0 0.037027072648741194 0.8471295300542293 0.07405414529748239 0.15363406010845856
0 0.16741359659143334 0.0775442587805987 0.12142280681713329 0.15381586729005095
0 0.7248023932688875 0.8660230350241991 0.1324614926931041 0.24918290944452864
3 0.39554513596199153 0.6156447433607006 0.2597876517837136 0.29366922852997773
0 0.07703486932290007 0.6895806504675381 0.10727848620028228 0.1490465540583344