1 0.1724538004440971 0.4983978663569095 0.3405078670936592 0.2563292672861809
1 0.18445084815771967 0.814567727014236 0.2827862706844554 0.2706086664125003
0 0.5436333879745063 0.37021112965593705 0.18193177693097126 0.12140614057694457
0 0.5965634661351417 0.46977406535138844 0.11940450585373252 0.11526393692972228
3 0.898752159149941 0.7088125026623604 0.20249568170011792 0.1735505220358336
0 0.5327570588319123 0.918194687976562 0.1786431504675381 0.0932084053945836
0 0.597728073859027 0.938560432942569 0.13799087939029936 0.08757534802388918
0 0.4103118278660478 0.2858023749062844 0.11608860831306056 0.08237870174736121
0 0.379748670857406 0.5388916605254858 0.13820904800821018 0.125075348023889
0 0.9304021349494442 0.8268351508387493 0.13919573010111144 0.1345958183886112
0 0.3940712878528694 0.8518819697960414 0.1646897347764936 0.11163109707395832
0 0.5066727016972022 0.06087315045749957 0.1770897408266178 0.09473453780340294