1 0.2807714389143759 0.7993651502399964 0.25605657095872497 0.1879983418674959
1 0.9079166821213178 0.26573172980035864 0.18416663575736436 0.1869370998305908
0 0.660672182206136 0.4022585769295263 0.16922620435383634 0.11277155773721592
0 0.6106796166897065 0.36054849004135364 0.10165675843752045 0.09792083148532651
0 0.5702332098809502 0.5249518952606732 0.19208335099579193 0.14217063140062186
2 0.45463051333166193 0.3978195188393745 0.2836012176006804 0.21767043131591732
2 0.12254722194666767 0.7295139237763453 0.1512053798517324 0.1772134893354819
2 0.9020635301218849 0.6183484955853742 0.19587293975623013 0.22193372611071513
0 0.8202331436467306 0.027953975359994564 0.12433036660488846 0.05590795071998913
0 0.5460243173305279 0.059414984426745955 0.18060021397248321 0.11882996885349191
3 0.34335567431676955 0.12560986084804468 0.1400843413771451 0.12666745776545088
0 0.04000996342432916 0.31628515265907076 0.060813503628197076 0.08930469468185845
0 0.293430118503805 0.42208231342241087 0.1721329495445131 0.10670356826055975