0 0.44166056788754576 0.2673136274401418 0.07812448424818452 0.1584819218206505
0 0.49008235030926073 0.2045264560785333 0.04623701333591956 0.07206618969849794
0 0.2576022403364161 0.9026141722796923 0.08386430121764636 0.15274210485118864
0 0.07090011048037828 0.6879304346975281 0.04154925546001178 0.14773586939505617
0 0.3692092910950205 0.9255097962166765 0.11833489606689529 0.148980407566647
0 0.4904464333688939 0.960554218037327 0.0886157030344176 0.07889156392534602
0 0.4889643263916733 0.7802600375918627 0.10063721303635713 0.16808006242753404
0 0.5469520406359785 0.8346603662302542 0.08660666394474284 0.14830969636645755
0 0.5381673588133884 0.7175366391090714 0.08316292848861018 0.10612219636645773
0 0.44180279971983427 0.6398264851662684 0.09406847758022466 0.12563747091226496
0 0.5831296882006859 0.5458208778991838 0.09292030788560623 0.1876272878817268
0 0.5746311462360731 0.679382805928752 0.06026756242753404 0.09183655575957417
0 0.6214102935109164 0.7390765413848845 0.10854530788560623 0.188902745458072
0 0.6473507823010287 0.8001734091129507 0.08485271637033698 0.1838645590935541
0 0.6608866080644823 0.9444904732678179 0.09483375212603189 0.11101905346436425
0 0.7501084757925486 0.9587760494057243 0.10564370636839744 0.0824479011885515
0 0.7175354786674865 0.8804027851759667 0.12104530788560623 0.18992311151914834
0 0.7618913854852275 0.8723828621473683 0.04177265394280312 0.0934310066679597
0 0.8089893971541571 0.9359828476035006 0.0626272878817268 0.08271664727484307
0 0.6589106803247781 0.6280591641139206 0.09202774545807202 0.10063747091226496
0 0.7087988521454285 0.6973192182065049 0.08389625212603188 0.13411965060882308
0 0.6525813188056298 0.5220004827503724 0.08207866061076281 0.13086710485118863
0 0.7668672172884209 0.4770064603305971 0.07755065727678315 0.11342451333591956
0 0.3262887253335066 0.8313926186461501 0.07197033697334118 0.10210437606301603
0 0.7989929016960848 0.8420415289670489 0.06160666394474283 0.14626896424430527