0 0.84375 0.80546875 0.10859375 0.16796875
0 0.878125 0.68046875 0.06171875 0.1390625
1 0.6859375 0.7046875 0.09453125 0.36171875
1 0.51875 0.62890625 0.19375 0.22578125
1 0.45703125 0.96640625 0.1265625 0.0671875
1 0.3015625 0.85625 0.125 0.2875
0 0.41953125 0.49375 0.08671875 0.1140625
0 0.48359375 0.84609375 0.07265625 0.1859375
0 0.15390625 0.16171875 0.08359375 0.1375
3 0.37421875 0.1828125 0.12890625 0.19296875
0 0.43984375 0.3671875 0.0828125 0.175
0 0.77421875 0.19921875 0.059375 0.16015625
0 0.72265625 0.353125 0.17890625 0.24765625