0 0.45294395558376765 0.2142363245636676 0.08792560694082034 0.16561968281352515
0 0.5085658888718056 0.1469413952101835 0.05368201089576345 0.07697367688202617
0 0.20804453495620376 0.8799846358558245 0.09686356436617345 0.15975168479069168
0 0.05056054484356085 0.667028332509514 0.01830152179152656 0.15031833498097208
0 0.3214568249329607 0.8996511956279253 0.12811356436617344 0.16102502471457925
0 0.4444462107026732 0.9330300869209573 0.09394637797604233 0.09575285178688589
0 0.4584055318541106 0.7405096644875554 0.11358117080279087 0.17601335475263546
0 0.5138467847041023 0.7938774036131405 0.09642652179152655 0.1535016847906915
0 0.5148087151421487 0.6731829016359742 0.09035148441265975 0.11118685079830275
0 0.4218456829590619 0.59862325342286 0.10427187278026225 0.13200868676785796
0 0.5767356427302034 0.49437746931674054 0.10707979852673173 0.1944450197716634
0 0.5549913187287744 0.6315883092406284 0.06593063861970413 0.0961693458553869
0 0.5990962338315821 0.6909023008376713 0.12281405917039337 0.19664418973360737
0 0.6206541595780515 0.752701963879533 0.09737701659574646 0.18937551779449713
0 0.6206973542660558 0.9101788828528938 0.10470891535490914 0.1382586867678576
0 0.7107978303808423 0.9213936140698135 0.1120079631253363 0.10895318874502422
0 0.6864919630484616 0.831500784526049 0.13542331981405517 0.19871602570316255
0 0.7335472795083222 0.8209651911421201 0.04885239926336595 0.09703150889724839
0 0.7763628462202841 0.8842490997353576 0.06829081411407198 0.08535917984777583
0 0.6473702068442754 0.5745477889746733 0.10096120248167448 0.1069450197716634
0 0.6929119358090535 0.6432049470736192 0.09388067599857094 0.13937551779449714
0 0.6498782117879539 0.46475895349940977 0.0936621547112475 0.13625051779449712
0 0.7716003924781019 0.4127905938038584 0.08621028763096845 0.11880834980971958
0 0.28566715438227136 0.8023915350575216 0.07908620248167449 0.1060536818249421
0 0.7734949363132566 0.7872149322448715 0.06986402179152655 0.15241934585538672