0 0.315625 0.46875 0.14375 0.0890625
3 0.2015625 0.309375 0.259375 0.153125
2 0.3296875 0.23203125 0.1875 0.1625
1 0.07734375 0.753125 0.1546875 0.14375
3 0.259375 0.93125 0.1796875 0.059375
3 0.7734375 0.98359375 0.221875 0.0328125
0 0.62265625 0.72578125 0.1140625 0.04375
0 0.303125 0.73046875 0.1375 0.075
0 0.2625 0.61640625 0.153125 0.090625
0 0.48046875 0.49609375 0.153125 0.0875
1 0.70625 0.13515625 0.1875 0.125
1 0.86640625 0.17578125 0.215625 0.1625
3 0.6421875 0.2171875 0.190625 0.071875
0 0.11171875 0.18046875 0.2125 0.084375