0 0.1098318568844571 0.8247114480508353 0.18942105027685524 0.10631600405718977
0 0.12452661012365958 0.8883199805182393 0.12794332973421946 0.07246710957707662
3 0.17344018122000573 0.6498438616056716 0.3104320619970475 0.2410921988616142
1 0.655259482576595 0.5761310409855255 0.2803044710040611 0.20935127516050808
0 0.6348888209486878 0.6743230791349724 0.15570738433001133 0.09168075973923262
3 0.8781462700535239 0.5886249070554241 0.18282869370616517 0.1982853157455871
3 0.6772996730435576 0.3176327483718516 0.29645110271317865 0.1690535576279122
3 0.4712568314322625 0.15213661322722954 0.41341735965300896 0.21635702597128703
0 0.30477263340716065 0.2602922122542949 0.215301232262828 0.16919783360249455
1 0.0094928069121437 0.8529437678569074 0.0189856138242874 0.15276253571381487
0 0.3205085410298983 0.8080536022701809 0.13156897748246604 0.08033415665497756