0 0.221875 0.32578125 0.0828125 0.16328125
3 0.5125 0.4828125 0.103125 0.27265625
0 0.84921875 0.315625 0.0578125 0.09140625
0 0.37421875 0.95078125 0.059375 0.0984375
1 0.4453125 0.1359375 0.128125 0.271875
3 0.60625 0.30625 0.11953125 0.20078125
0 0.1453125 0.02421875 0.04453125 0.046875
0 0.66953125 0.865625 0.08984375 0.13359375
0 0.1109375 0.78203125 0.06015625 0.14375
0 0.74609375 0.83984375 0.08984375 0.1375
3 0.46484375 0.60625 0.115625 0.36015625
1 0.3359375 0.5421875 0.1765625 0.36953125