0 0.768299083460916 0.3899678897420319 0.17518568380210836 0.08224993949875792
0 0.8433826550960152 0.44498666696759076 0.08178851087441501 0.05202610831306061
0 0.06457715315602995 0.17070286455957645 0.1291543063120599 0.08671927088084712
0 0.057039225779712224 0.2902659308163551 0.11407845155942445 0.1225931383672898
0 0.024327543460478628 0.42325114763886784 0.048655086920957255 0.09099770472226432
0 0.20514782604654233 0.4283921238311545 0.1855793557412186 0.10730448165323558
0 0.15107047969686388 0.49041085568078185 0.16456651878308035 0.08999880698520073
0 0.2802313976816414 0.48341090105671347 0.11762785178688588 0.08816359621281222
0 0.35630841943047126 0.379867744539051 0.1400121877564411 0.10079086123992678
0 0.47484621931674054 0.5377342658126816 0.2086985207602467 0.09962833703942983
0 0.32620047228249005 0.524539895104785 0.10254667984777566 0.06308178298109546
0 0.26481996190236673 0.5741040787498106 0.2093351907221906 0.11525333703942983
0 0.19886203946896489 0.6018250786516146 0.20193918479069156 0.0870919756031114
0 0.05180527393596094 0.6113415000981959 0.10361054787192188 0.09759313836728971
0 0.039786764297274985 0.7090432018935939 0.07957352859454997 0.10994769262201594
0 0.1177128571497313 0.6764983466055956 0.2114706936879401 0.12932492739850954
0 0.13211359676960796 0.7256216478352596 0.10334517589344294 0.044340873340175155
0 0.06604558638948463 0.7752131025575238 0.09023768083635883 0.06769656010845856
0 0.3918480355146322 0.6194478741257421 0.11182352076024671 0.09906473477649361
0 0.3202157746402173 0.6714148951047851 0.14894151878308035 0.08990790339440444
0 0.5084134530051182 0.6148643923743106 0.14575285178688588 0.08832722267624522
0 0.5704439263133725 0.7410360069338869 0.12518568380210837 0.08195904800821019
0 0.13200078060889736 0.24917277732375478 0.11243101581733077 0.07563632513557321
0 0.1686758378723594 0.7675864340378089 0.16192167984777567 0.06342721662612102