0 0.0905797813344532 0.7721990422687152 0.11546498758216435 0.1726763934267362
1 0.13667391814831487 0.8857517427818055 0.17790108576539318 0.21155836189159735
3 0.8590417074071673 0.4330494364579506 0.07305408909937298 0.2262728656913195
3 0.8599514057304791 0.6989283563858326 0.1342464227387345 0.307233231382639
3 0.8025053096732823 0.6098126114198257 0.1191316057692724 0.3131195554708334
1 0.663984943612206 0.6255129594437147 0.208130461828409 0.2762027433504862
0 0.26145064860347744 0.8664724530785414 0.09604530788560606 0.18314111474138892
0 0.2966997857556949 0.04318434270555545 0.10844997091226487 0.0863686854111109
0 0.6087536334798818 0.1176115000969092 0.09559902667183913 0.13946384992375008
3 0.6514037769617032 0.19693467097472167 0.16878091940475456 0.29088218597979176
3 0.07973555530053225 0.06442421628065965 0.0764027454580721 0.09535017401194452
1 0.6934820275414314 0.8946253289347563 0.13918953000581896 0.15763327488562523
3 0.6107334293582025 0.9339800760849647 0.06782497091226496 0.08579333605604163
3 0.3610839867847667 0.8781892434473955 0.17292654334173854 0.22703789152687506