1 0.22421875 0.421875 0.1828125 0.26875
1 0.51484375 0.77734375 0.14140625 0.23984375
0 0.609375 0.09765625 0.0796875 0.165625
3 0.33125 0.85625 0.13515625 0.134375
0 0.6265625 0.43046875 0.08984375 0.15859375
0 0.80390625 0.396875 0.08359375 0.128125
0 0.31640625 0.02109375 0.0953125 0.04140625
3 0.52421875 0.18046875 0.10546875 0.34921875
0 0.48359375 0.91328125 0.0890625 0.11328125
0 0.86875 0.60390625 0.040625 0.090625
3 0.840625 0.8546875 0.06171875 0.25
3 0.05 0.23984375 0.06015625 0.2484375
2 0.45546875 0.0828125 0.14609375 0.134375
2 0.37734375 0.6625 0.09921875 0.2625
3 0.209375 0.17109375 0.13125 0.11328125
3 0.24375 0.64921875 0.1328125 0.18828125
3 0.74609375 0.08515625 0.11796875 0.1703125