0 0.7591095497376967 0.5535855541056315 0.16232143992586606 0.0862294960216353
0 0.821448347830931 0.4917855354471311 0.0751835384745874 0.05085452267663584
0 0.12303311816453302 0.8635005206874535 0.15941469473518963 0.09244313335454421
0 0.3396253627222374 0.9923704080203628 0.14909226442797027 0.01525918395927448
0 0.08908601493371543 0.756777806015272 0.17817202986743086 0.1286533533577261
0 0.05368175563155468 0.6414249786759996 0.10736351126310936 0.09356928134945389
0 0.2445906927514551 0.6054345767027256 0.175639895460829 0.10981244668999893
0 0.1900321675237116 0.5563425486950896 0.15478175843752048 0.09395108935390813
0 0.30776530454702017 0.542081148710998 0.11081350362819702 0.08719201201463563
0 0.38615071017465025 0.6250578280553611 0.13312501324684387 0.09994655068427179
0 0.4785713670682247 0.4627856420671333 0.19255457694917477 0.10219994135899882
0 0.3460391200634495 0.49797716004931586 0.09754961179556502 0.065171561346272
0 0.2855207715147284 0.4628839973742709 0.19622521397248335 0.11786130402608955
0 0.22351184483570607 0.448094244032453 0.18915675843752047 0.09435107869190791
0 0.06895582536674431 0.46424486067790854 0.13791165073348863 0.10161813868554467
0 0.054536188659921846 0.3780437313414996 0.10907237731984369 0.11233746268299924
0 0.14339032441728602 0.3924522240213172 0.19666172359113018 0.13036130402608972
0 0.15049598548721171 0.3456408586887263 0.09689484736759484 0.04642156134627218
0 0.08685263693849055 0.3105113333465903 0.08666667549789593 0.066606792011454
0 0.3962697877567972 0.4024288500556793 0.10645338584218225 0.09651246801399935
0 0.32721225291040684 0.36567319004613424 0.13904763103285872 0.0906442760184536
0 0.5030654247801059 0.38804018073676955 0.13743056733052797 0.08906359468490824
0 0.5472469891154088 0.26428505474217834 0.12002481252120453 0.08261360001590834
0 0.19397558994156466 0.7791351586966805 0.10730655771188106 0.0762181493475449
0 0.1809300191524757 0.30222721335931696 0.15078373920022684 0.06891472668681722