0 0.34375 0.41953125 0.10546875 0.1921875
0 0.378125 0.03515625 0.0671875 0.0703125
1 0.53984375 0.10546875 0.2171875 0.2109375
3 0.82109375 0.62421875 0.11875 0.171875
1 0.60078125 0.50546875 0.17890625 0.21640625
0 0.31015625 0.7140625 0.0625 0.11328125
0 0.5203125 0.746875 0.1078125 0.1515625
1 0.825 0.9109375 0.1140625 0.178125
3 0.77578125 0.04453125 0.078125 0.0875
3 0.2421875 0.5796875 0.10078125 0.17890625
3 0.3734375 0.87890625 0.1265625 0.17890625
3 0.56328125 0.834375 0.159375 0.13515625