0 0.1408597153087284 0.1787544711860439 0.1514545066836356 0.12761825973923263
1 0.23644384062700183 0.2880010117711228 0.37298515603118043 0.2361513287312306
2 0.2403489959420936 0.42228055438479667 0.3739476720241807 0.18461610227018102
3 0.12275186859486695 0.5266561830365969 0.19095335868872626 0.1658000982129913
1 0.27750190857736773 0.6528350791415629 0.3036351720241807 0.1833887930174157
1 0.2357849338797328 0.8816419176153214 0.2913351666931806 0.20035810470581303
0 0.4360854732256868 0.7851957913991531 0.13722837468172666 0.11331029788867948
0 0.6795349338797327 0.873896232553425 0.11348179201145392 0.08633869480442442
0 0.7753928738860962 0.8253575466774542 0.11484429734245402 0.06917846834337463
1 0.7998485285646411 0.737448443593199 0.29086245202099903 0.15973310470581287
1 0.6367865492520947 0.5872008019524599 0.3955328653723619 0.29434565827653536
3 0.10751031862668366 0.6379073287345258 0.2150206372533673 0.10543534253094826