0 0.784375 0.56328125 0.1 0.178125
0 0.86015625 0.94921875 0.05859375 0.1015625
2 0.71796875 0.1390625 0.1359375 0.221875
1 0.875 0.46015625 0.12734375 0.2484375
1 0.521875 0.40078125 0.16171875 0.27109375
0 0.596875 0.30390625 0.1296875 0.21875
1 0.3703125 0.15 0.19609375 0.20625
0 0.2328125 0.03359375 0.0546875 0.06640625
0 0.33515625 0.0203125 0.06484375 0.040625
0 0.09296875 0.1875 0.04453125 0.1484375
0 0.121875 0.453125 0.096875 0.14765625
1 0.39609375 0.6671875 0.14453125 0.3265625
0 0.18203125 0.796875 0.05703125 0.12578125
3 0.2578125 0.8890625 0.103125 0.221875
3 0.53359375 0.6265625 0.15234375 0.184375