1 0.8546875 0.3421875 0.2375 0.184375
3 0.36328125 0.7453125 0.1875 0.153125
3 0.62421875 0.91484375 0.315625 0.134375
0 0.909375 0.13828125 0.1 0.0578125
0 0.37578125 0.13828125 0.1328125 0.075
0 0.90234375 0.67578125 0.140625 0.090625
0 0.009375 0.428125 0.01875 0.075
1 0.684375 0.678125 0.3703125 0.1234375
0 0.5375 0.7890625 0.140625 0.0671875
0 0.0453125 0.7875 0.090625 0.0765625
0 0.0546875 0.61953125 0.109375 0.1140625
1 0.10625 0.5234375 0.2125 0.1390625
0 0.11640625 0.92578125 0.115625 0.0625
2 0.13671875 0.73984375 0.265625 0.1328125