0 0.3916472794573643 0.017551439313399336 0.10622901603912896 0.03510287862679867
3 0.23254598241971153 0.18349841070505657 0.17659967766703621 0.15758886181247736
0 0.12481382557216632 0.20129478485603508 0.1644210502768552 0.11323808451458142
0 0.526745367829457 0.0969556292451075 0.19194527297895939 0.10566541640826921
0 0.6561162854743439 0.28784384022701925 0.20055880937615383 0.11866606415651582
0 0.5700147925710578 0.6115805313122907 0.1859956616279071 0.109952398209672
0 0.8841972085179016 0.577442056607602 0.15238212523071262 0.09534967766703631
3 0.8409652475359899 0.43860889652085416 0.26279799352159505 0.14288361659283932
3 0.280735839765594 0.8277409616002206 0.12766152991878954 0.1466723457733483
0 0.01417221005906113 0.9791274930601697 0.02834442011812226 0.026120013879660675
0 0.02806113664636315 0.6609584839608711 0.0561222732927263 0.06245803207825791