0 0.5025774418881898 0.8089837973776302 0.2007607070582587 0.1826400395433269
0 0.17564012405133914 0.6011155365403964 0.2000969336130419 0.1327673735357159
1 0.21138040496973307 0.37613278258606375 0.3067039763542906 0.24459089429596242
3 0.11941192821445719 0.18168905730064305 0.23882385642891438 0.17099688539871388
2 0.7676825622377732 0.10227681197782264 0.3747435813333123 0.20455362395564528
3 0.8314220630629657 0.27220540308166785 0.2664090178461393 0.16506522037968585
0 0.7602028715757614 0.016558840628144163 0.0876901767645645 0.03311768125628833
0 0.48109109895573726 0.25999981072350314 0.13934776514684694 0.07110036167271767
0 0.5008698800746239 0.31760672228249004 0.17199524440092268 0.11137253460041112
0 0.9004928784010167 0.8613077123594775 0.06782796265733601 0.07285917984777583
1 0.6357497524755777 0.5418679401535369 0.33243768216314945 0.23473573323126723
2 0.1117034041445405 0.4729679733082543 0.223406808289081 0.1821890533834914