2 0.3965473534791458 0.8627450747562555 0.1850711165928393 0.2595976235152495
1 0.2611197956441515 0.9112998981923628 0.212176232262828 0.17148986975432584
0 0.22176859653931555 0.8224336264847505 0.09184514342930994 0.09468802586424738
0 0.7102594000553732 0.8481380393250966 0.1795825801956447 0.24696123119538163
1 0.8245431431155428 0.7994157313283956 0.27577526218161746 0.3121436134861197
0 0.9934553130767817 0.4816502551475789 0.013089373846436558 0.16211956677218975
2 0.4706626673311199 0.5169802821989606 0.30936781461794105 0.37394493151195074
0 0.6193169062292364 0.18626617663039974 0.1688057665005543 0.22481344655564542
0 0.5194194309062387 0.07691052632646588 0.12008886181247735 0.15382105265293175
0 0.8356404179494288 0.3130319504495831 0.12946386181247718 0.17064277210332382
0 0.9089475100221491 0.32107411949162845 0.1764365962347739 0.29521687476889086
1 0.8015133466961991 0.4400407313283955 0.2279781122739025 0.345063762074194
0 0.5672312908637895 0.8147298089211379 0.1076494185677376 0.14661423871722903
0 0.10388857263750562 0.3875478126155546 0.08853847316352939 0.16477320533113407