1 0.14296875 0.428125 0.12890625 0.30625
0 0.10625 0.31171875 0.0390625 0.0890625
3 0.32265625 0.2640625 0.1515625 0.24296875
3 0.28671875 0.15078125 0.17109375 0.2296875
1 0.78203125 0.8203125 0.11015625 0.29375
0 0.4125 0.8109375 0.0796875 0.22890625
1 0.8671875 0.7296875 0.0640625 0.296875
3 0.2 0.7734375 0.1359375 0.196875
2 0.63828125 0.69765625 0.1015625 0.3203125
0 0.72578125 0.46640625 0.0859375 0.23046875
3 0.52109375 0.434375 0.14140625 0.25390625
0 0.4140625 0.46640625 0.0796875 0.16171875
0 0.68671875 0.78515625 0.0828125 0.2296875