1 0.3447541135205074 0.6660449327878494 0.41360454342324343 0.2555469859020601
0 0.4764129900706934 0.8184856164008913 0.18165672249741008 0.12275410622842173
0 0.6640839247309404 0.10092329856404066 0.22816784946188076 0.11849358133331242
3 0.8391888943328663 0.33372691101623964 0.31753006410140794 0.2653937373519527
0 0.9702911910658786 0.5930095904800967 0.0594176178682428 0.10928175684847723
0 0.6841078277457499 0.952892814736573 0.26868584160399783 0.09421437052685419
0 0.492320588084832 0.9546194128671175 0.24601032092583353 0.09076117426576502
3 0.22351708415589058 0.9605356809137495 0.21799232878371635 0.07892863817250095
3 0.10053754073264712 0.7378444647319284 0.10782542431665561 0.20902164772027057
0 0.2468323821317572 0.4857994805034755 0.16356169396136275 0.13539581618646537
0 0.20801813109829995 0.38788219875988894 0.2158519400324213 0.1549279888018452