0 0.09753877344521676 0.04323468682517691 0.10447585767831422 0.08646937365035381
0 0.12220722532860533 0.7002591865128269 0.13930114357108564 0.11619553029369403
2 0.4790743771980607 0.7643627723963096 0.2859178796736384 0.24692715726804018
0 0.3377659834264824 0.9526467902424489 0.13996307178554285 0.06342572780418294
2 0.9644125004242072 0.7236101470723486 0.07117499915158554 0.09564623195336797
3 0.735046154368255 0.4094571717669653 0.3851357070582587 0.20317900249879967
2 0.6893290674358653 0.2934895522657963 0.26993583693239 0.13852266141722502
1 0.8938455496899722 0.08274927134740237 0.2123089006200555 0.12559568631233428
2 0.9859451729277297 0.17365676864811003 0.028109654144540742 0.10608497925407559
2 0.48178925457339217 0.33357379106764157 0.15978050954776962 0.18144202199532425
3 0.5624086020792369 0.14281689127277858 0.2898465178461393 0.17576255228901827
0 0.6024784176410023 0.2049966599441105 0.08129846680652086 0.06830155933798816
3 0.7204677105827436 0.03181268806296579 0.20700886182749906 0.06362537612593158