1 0.59296875 0.65703125 0.09453125 0.3109375
1 0.20625 0.21875 0.1609375 0.27109375
1 0.78125 0.1046875 0.09609375 0.209375
0 0.66953125 0.1015625 0.065625 0.1421875
0 0.45234375 0.27578125 0.08671875 0.1390625
2 0.70078125 0.31328125 0.07734375 0.25
3 0.0921875 0.228125 0.0875 0.321875
3 0.4859375 0.36796875 0.1484375 0.26328125
3 0.209375 0.9140625 0.1984375 0.171875
3 0.4140625 0.8734375 0.09375 0.253125
3 0.1875 0.6796875 0.21484375 0.384375
3 0.75234375 0.553125 0.17265625 0.20078125
3 0.753125 0.721875 0.13046875 0.17265625