0 0.37621564646051747 0.728773393508806 0.09314198770335977 0.1683562018192454
0 0.4196298240554187 0.803334591813395 0.05357042759490125 0.07903683664159908
0 0.25116759026088376 0.061712287841672195 0.09921018052176755 0.12342457568334439
0 0.05286696652792514 0.2218171879655067 0.04617608411256369 0.15054796360606987
0 0.3636812257995032 0.061836412324943545 0.1336124515990064 0.12367282464988709
0 0.4885630511314682 0.03817628039807411 0.09587610226293641 0.07635256079614822
0 0.4693504845801019 0.21570400517179572 0.11664312021691714 0.18038532092583343
0 0.5308374304235717 0.17298565819111433 0.10089994554888211 0.15934507485477484
0 0.511206707354543 0.2911192280834905 0.09127041549465283 0.11515842721213972
0 0.4091765747427898 0.34979221484892414 0.10546927088084708 0.13925089867609247
0 0.5419759600850175 0.47567401054847913 0.11206470452587265 0.1989169971045158
0 0.5442964633064713 0.3372472113342675 0.06775110226293642 0.10000430810555186
0 0.5955771621750031 0.2864081492997742 0.12615447560311138 0.2042594685684686
0 0.6264999092481369 0.228702657157657 0.1026624334486339 0.19379284946188075
0 0.6545107588787946 0.07389970678389893 0.10708631303532493 0.14779941356779785
0 0.7451084878015557 0.0687915987402643 0.11800563231716552 0.1375831974805286
0 0.7034800448849522 0.1626003141059171 0.1386544756031114 0.20484166542531548
0 0.7465624243734474 0.18013026241050603 0.052126102262936236 0.09927656203449331
0 0.7986016473442803 0.1253485630724598 0.07082156010845857 0.09077485731976358
0 0.6228532553627532 0.4078272309789746 0.1021897347764936 0.11254284946188076
0 0.6779902072563472 0.34821248242671665 0.09769313231716552 0.14513702564056316
0 0.6078463997801672 0.5148049770500333 0.0945499515990063 0.14186647642635145
0 0.7160952370159889 0.584783529159729 0.08663745764913067 0.12431510339082212
0 0.3125550630353248 0.12923146588238146 0.081868144417414 0.11003427956950458
0 0.7803879785299778 0.2184093583577301 0.07431017447164337 0.15342040653397532