1 0.12647049864736454 0.14182378714701854 0.20955900270527095 0.2836475742940371
2 0.34956200596754694 0.22881034395658545 0.15863284937936156 0.3435634465556454
1 0.4482722259707286 0.2025086052393565 0.22854536004136175 0.31123433135366607
1 0.4779013505729134 0.6764856628403462 0.19333401869827133 0.23835912100796702
0 0.6004650518778238 0.8822235343105316 0.12100448535963508 0.19720527210332373
0 0.7730733259866369 0.0759100351684615 0.08435791335136286 0.1352220976510021
0 0.22875368387973277 0.8789814916867298 0.09527723201781735 0.13397784639736088
0 0.11465482121264192 0.8854253714701855 0.06609880935708981 0.17686402837152998
1 0.6017939312540037 0.5666667304704657 0.10285446936663475 0.24822220282385174
0 0.4876143472708665 0.44581232436054413 0.11753404002227175 0.1674268438900784
0 0.7366796506206384 0.3175125134608492 0.08119655068427178 0.13200616943775678
3 0.7055098245942306 0.5128848494333688 0.09347946936663476 0.24794941818411545
1 0.825206348623502 0.2938500414366677 0.14816696936663476 0.24954066191590937
0 0.6654120832670485 0.46875441620555847 0.12549199069063519 0.1801541644231918
1 0.04192967727563902 0.9095735768013196 0.08385935455127803 0.12460284639736088
0 0.4061792498806874 0.8667900655850556 0.09629429201145397 0.0871483105039836
1 0.1455574006604094 0.04511627170761236 0.15888519867918122 0.09023254341522471