2 0.4985237311953815 0.14969584230723276 0.22214308762187224 0.17663201082055266
1 0.911382747030499 0.311267210478713 0.17258100831327 0.24388169530200426
1 0.7218180741610232 0.8907059725529068 0.16455790815498544 0.18276233887551357
1 0.5057930104248414 0.05922893283209888 0.2397110208496826 0.11845786566419776
1 0.2347486685133199 0.7047089173926926 0.17942204169936504 0.26437605172849493
3 0.6607154381093612 0.8330586086045688 0.16801318025830944 0.30151233887551354
0 0.4459746396795715 0.9503383514784328 0.12088681301126596 0.07689277210332364
3 0.8863075053437693 0.551261724664478 0.1630074315119508 0.29043844655564544
0 0.1368624686589692 0.2696867112036288 0.08699519780928666 0.14615959765100212
0 0.06135428411101067 0.7918548793877443 0.06962584138279593 0.13940949247815268
0 0.7981733563599838 0.45139576847541407 0.0845976235152495 0.17106866943775678
0 0.2501105587216169 0.8833196506996452 0.0940348079967011 0.11982441818411545