0 0.5509972234400218 0.7995911038527013 0.11503441015912905 0.173313131037097
0 0.48289171564635164 0.8514060049480581 0.06494729282674853 0.08141513605166181
0 0.9122207665957465 0.21210209336135297 0.12106588887180578 0.1703699874635877
0 0.8034741972858944 0.16215826616432202 0.15620571337743777 0.18230769780928666
0 0.6859864125049177 0.09870586843417764 0.1093200056999832 0.11389266693047428
0 0.6382148200661566 0.28521401827589304 0.14101775595208466 0.18810305674305985
0 0.5916022639978564 0.22070523739708067 0.1221913462971587 0.1641654515702103
0 0.5694373229161483 0.3385686873179384 0.10830380891829172 0.12165970282385156
0 0.6493758312140215 0.4336742503292045 0.12556771857321786 0.1455518438900784
0 0.47683954953513785 0.4972640742275301 0.1375321230323639 0.2051541644231918
0 0.521622535789383 0.3683638359060126 0.08210194183801285 0.10374477711788872
0 0.4887446977900975 0.29957673198680435 0.15337564431968734 0.2087338054894187
0 0.4779603810781355 0.2345511255603136 0.1278293411013786 0.20019387978345576
0 0.5040808486429472 0.08405703206594663 0.1269116972858944 0.14247230799670108
0 0.419738699631683 0.05977243441494452 0.1332273992633659 0.09899509263643716
0 0.425474883423924 0.14180368441494454 0.1660941656070108 0.21222251834240008
0 0.3763107637457549 0.14115281505633007 0.06636768119435103 0.10172763605166191
0 0.34472227413731504 0.06850492524374449 0.08311813861970414 0.09597774122451137
0 0.4194480305936029 0.40125524076229296 0.11589778763096845 0.11876202335696498
0 0.3859692590541779 0.3238743868430847 0.1149580005042031 0.14992109514371962
0 0.39719025436260086 0.506641422736462 0.11484873986054138 0.14835859514371955
0 0.26690717466118863 0.5277997057268454 0.10416261213660052 0.1293358105039836
0 0.8217867907330616 0.26794526491068077 0.09536676634364483 0.11504598997087019
0 0.3295121734006809 0.16318092775102694 0.09675430372251181 0.15718802586424746