1 0.8526463122198432 0.26626684790691535 0.28752404671392995 0.22708505931499046
0 0.5385801490502926 0.3880039491623286 0.13476745658477524 0.0725991946765232
0 0.5630332651102018 0.6228710390862164 0.14330738229073817 0.09791752965749527
0 0.954230229612536 0.4847223706443283 0.06771634890464355 0.07454901384016441
1 0.790402095672445 0.7119175875267919 0.26997283386094856 0.2138847223568522
0 0.8363725105578552 0.9062060984012069 0.14514266693047445 0.10735619665368965
3 0.9041426837565357 0.8620369457394685 0.10536476458147633 0.18844968775644091
3 0.46313959903765733 0.8839584363107473 0.31009772868809904 0.1983525642579064
2 0.3406377763929729 0.7123633261209045 0.2609160826073073 0.22444022037968575
2 0.12778270453971124 0.5875066116727177 0.2555654090794225 0.26876322334543534
1 0.13669000626820615 0.06032202916320365 0.2016199874635877 0.11746070851668773