1 0.301361171827743 0.1023012511312957 0.166027656344514 0.1657794078229627
3 0.4168738030022915 0.28541513044337885 0.200226044071667 0.4291775264846292
0 0.5731634366453819 0.1292122315274063 0.1505481267092362 0.1706623974553701
2 0.5381662683330205 0.35473991182898046 0.19506184612402783 0.20730252648462927
0 0.7511793338718402 0.14948364971796152 0.08957295269729179 0.09671775805851834
1 0.6457657884689929 0.10425047921833208 0.15821384992375015 0.09804510367592564
1 0.7085033781373257 0.9374281068334718 0.2166822729857639 0.12514378633305653
1 0.38530292069038125 0.879119446418611 0.2359063580918752 0.24176110716277827
0 0.7672088437523952 0.8397860209715262 0.12558449430041668 0.17003768086722185
0 0.704361392005034 0.9456308775686567 0.08070709897381949 0.10873824486268653
0 0.2971152025098605 0.7556019083886106 0.14687891926229185 0.21400229434509227
0 0.9837729751143749 0.21288920471347034 0.027871733282499988 0.05857391762490734