2 0.3564928352909141 0.6234009492719466 0.32574645120622286 0.4025206225627205
0 0.4876797236582039 0.4976861087695932 0.137337415298261 0.24299779788867962
3 0.07854912159165929 0.731367002435632 0.1438328549934108 0.2852943920444808
0 0.110404151351301 0.49255391842610036 0.1320681323171656 0.14291597727182861
1 0.23284834055547138 0.12404760592692418 0.20421584308955412 0.1910455600635442
3 0.08779387402754621 0.35077552151035546 0.13091469847574838 0.21320120373287824
0 0.6393932563447118 0.2005365990303606 0.14659424063022614 0.22284893912238166
0 0.7777143711988759 0.4598143672943052 0.1024715359079618 0.15802278003177203
0 0.2874372665000526 0.9456674614468114 0.10838519262201593 0.10031937418757338
3 0.4590017743968885 0.19040544277912488 0.2575862827847038 0.23416036038785576
2 0.21629404040596184 0.8211407942385269 0.17942492134838534 0.22654668344033874