1 0.7985674480421989 0.3233515694826006 0.28337949061684603 0.37763281017246647
0 0.9348521963651016 0.5798840516999203 0.13029560726979666 0.21726889081820958
0 0.7351697636688803 0.8514466443373756 0.11670617080279086 0.1767508986760924
0 0.6259529368174597 0.937264327959656 0.09732275025210164 0.0777312018192454
1 0.4278600082209986 0.8281376927230177 0.23724789976756888 0.25244871960192583
0 0.473407091024504 0.9302609648489242 0.12428944183801285 0.10702059553293922
2 0.3293136115555229 0.7190773699351574 0.2438363893760087 0.3243964942090319
1 0.31006585686394583 0.9033817493808275 0.11749313861970415 0.09891699710451576
3 0.1845477787520175 0.6215752853604728 0.140318633423924 0.13580056699689197
2 0.26638374271053294 0.18902815095240405 0.22191783070981846 0.2782106989237615
2 0.3793211492633658 0.08901749648534334 0.21801729852673163 0.17803499297068667
2 0.4219063950759919 0.40673357361642976 0.2660284636295394 0.26313366252983134
0 0.9879806012408373 0.08149574752330985 0.024038797518325338 0.049892992142117155