0 0.1282090004070371 0.16504085593241427 0.12418534253094826 0.23028806956195363
1 0.36596414488715 0.10495566174861297 0.17432171022569998 0.20991132349722594
1 0.5755612873386681 0.13043127312890887 0.2207524253226639 0.26086254625781774
0 0.4142797248427872 0.7185547139585154 0.11215690097293458 0.16702324505632138
0 0.3524188786583909 0.8204174987394923 0.11127623944669321 0.20597648441265975
0 0.29198416477924294 0.9299835228768074 0.08571140340856669 0.08246257475773362
0 0.6664594281686282 0.39738528225996134 0.10001145697928919 0.1864616599070276
0 0.5429458360414218 0.32096988375290014 0.10999438311602709 0.13253898441265974
0 0.5114930588490235 0.20066273759162745 0.10379893019392802 0.13522694183801276
0 0.26784819886490957 0.16698077832468897 0.0870205332781829 0.1574625747577337
1 0.829678222810897 0.30013930564097174 0.20029564934808164 0.3885483198140551
0 0.7426405040637803 0.7268053484677202 0.08863758035608367 0.16069683540139543
1 0.4840269833642038 0.5225048866028917 0.25334673701106125 0.29862244234221597