1 0.48477191423478655 0.6305679680786256 0.2486855589778255 0.3355321915466968
3 0.4092039406436564 0.5069988625876698 0.23525299763774737 0.17409404379845023
1 0.4257713594333124 0.19665284546880663 0.2635069724100038 0.22423374614248867
3 0.39878472958157996 0.04487480413436653 0.18506945916315987 0.08974960826873306
3 0.8547694117877158 0.4408618113879639 0.153973259703465 0.34661178901808826
0 0.766051652169069 0.43401913094315053 0.11463296279135697 0.2022214389258032
0 0.6531746846532067 0.5649663471668497 0.13247522721932725 0.22207286397194573
0 0.10382447068072329 0.4842865599944627 0.0936656983633867 0.18216975478036196
2 0.13780019971414909 0.7397157372000736 0.16199903611233468 0.21928782541528272
1 0.7693379203100544 0.8644576025655205 0.1874156983633867 0.18817752775932126
0 0.2808756210356938 0.912985651605758 0.08043652286549072 0.11584384793281685
3 0.5823090800292177 0.3518340939276471 0.23968752649368774 0.21179430289774892
0 0.8530803930985762 0.2131175431893666 0.08712303248413775 0.128744366131414