0 0.9482672821677938 0.8919505635420494 0.10346543566441255 0.10443553970326391
0 0.48375022180412036 0.8160874334143406 0.1788372402517378 0.11646406743868062
0 0.36924447822839035 0.5194104955346879 0.18487375269929238 0.0932084053945836
0 0.20298790311885523 0.2807993243725349 0.20554145020978148 0.0983686840799308
0 0.4004530537389108 0.19025097881718783 0.15215634108157478 0.11428331838861121
2 0.5383245197202392 0.4453586657469101 0.22235228714217126 0.21730052203583344
2 0.4324987269789905 0.3352731912981254 0.2195806394219007 0.11897212480937522
1 0.174942984251675 0.7855037017473612 0.24498430373891078 0.18663240349472243
3 0.8945426133892489 0.7001436168286813 0.21091477322150212 0.14851415444465293
2 0.7441214659813283 0.2692183123077784 0.290485135272716 0.1284211664125002
3 0.12262774212583752 0.3935701216752431 0.19834610207923684 0.18866637575930573
0 0.07902833963168218 0.20928538744281253 0.07320254689043355 0.10152743882958341
3 0.7489785998041517 0.48769555537392417 0.19197770290907384 0.18695840539458355
3 0.7889594466852965 0.21255139142996593 0.2875969336130419 0.13147343123013916