1 0.69765625 0.23828125 0.1046875 0.27578125
1 0.2828125 0.8671875 0.178125 0.265625
0 0.61796875 0.8625 0.07890625 0.15703125
0 0.3109375 0.346875 0.0734375 0.1078125
3 0.809375 0.115625 0.0625 0.2078125
0 0.05625 0.47109375 0.06796875 0.14921875
1 0.896875 0.0859375 0.11875 0.14609375
0 0.6203125 0.559375 0.09765625 0.1828125
3 0.33515625 0.5953125 0.04375 0.21328125
2 0.3953125 0.575 0.1421875 0.24296875
2 0.22890625 0.7796875 0.121875 0.25625
0 0.30625 0.03046875 0.065625 0.0609375
3 0.59921875 0.23671875 0.11171875 0.16796875