1 0.2574016225660157 0.149153472976207 0.22236947240056457 0.298306945952414
0 0.3963281603117208 0.4576974768213943 0.06958757142762995 0.14102114767057933
0 0.6375940884770538 0.40836810493141246 0.09313416558343128 0.14849945499752568
0 0.4797596379872912 0.028997023971575237 0.07485572402541756 0.057994047943150474
1 0.7190970531669807 0.16603344075248977 0.21094104869945837 0.2795591044771273
0 0.9161726505691927 0.0995066027837059 0.10253643912238175 0.1505532779283041
3 0.8681948465914333 0.04455620731660397 0.19247960064862327 0.08911241463320795
3 0.9032133599874094 0.4842091514042249 0.1804274342511178 0.3201088613745323
2 0.7375729488682048 0.627922609115284 0.22171490746575645 0.2707573145630356
2 0.6205279504930579 0.849484427862191 0.26346603084255094 0.24796826775153882
1 0.06640092695081229 0.8836513037089017 0.13280185390162458 0.17019739258219674