0 0.2223121875041191 0.6042715186982713 0.16857845048646736 0.08163290268936266
0 0.1474446010589555 0.5510459740213172 0.07740797970746054 0.049328385343726924
0 0.9172314009795253 0.8139610747930851 0.13902731818121908 0.08909995735199913
0 0.9231695296313255 0.6976002781269488 0.1317875624991764 0.12182155068427178
0 0.9535445965947286 0.5690212921307667 0.07496481818121907 0.08835452267663584
0 0.7652633465947286 0.5668304414385406 0.17997960064862326 0.10832267202418074
0 0.8155457646137918 0.5064656534452221 0.15624209172016953 0.09086245202099903
0 0.6904093969190402 0.5128236467615865 0.11246481818121908 0.08879087468172653
0 0.6214491168872681 0.6136043494191324 0.13455800649282174 0.10154541335136287
0 0.5006571501654511 0.46060552406904226 0.19856595941492117 0.09916584802672598
0 0.6442162353927987 0.47321570675522323 0.09796594155801372 0.06362724267981754
0 0.7013117151002592 0.42543273476285925 0.20040119480442442 0.1148090293602714
0 0.7642890020318902 0.39881623810467703 0.19371481818121908 0.08973630402608972
0 0.9230873035740178 0.38894289345953964 0.1329136858759707 0.09683973201781733
0 0.930192465911038 0.2952565281269487 0.10966710064862326 0.1075045120146357
0 0.8397623348236058 0.32780485144808563 0.20218188311602708 0.1273272106938169
0 0.8249691777615912 0.2799667881126312 0.10076365909060954 0.04491360534690845
0 0.8859845442385268 0.2314480194541308 0.08864548863591395 0.06664315467854491
0 0.5770344638824433 0.38257197807922366 0.10794095941492117 0.09811133068109026
0 0.6443407406678044 0.33178218475490506 0.14215231818121907 0.08913632001909004
0 0.464439006496117 0.38673167206395165 0.14056254464226878 0.08755563868554458
0 0.40014645576476837 0.2648652153882702 0.12170345048646727 0.08108746268299924
0 0.8434996205407159 0.7404321207829037 0.10755912986961613 0.07623633068109008
0 0.7866021530048248 0.23966850477399504 0.15424321509696384 0.06584427068745366