1 0.1615286967884841 0.5029152923897862 0.27459469154669686 0.2495805847795723
1 0.4045546969453676 0.15047961290133485 0.3345518800110746 0.1885018436709125
0 0.9122832611018834 0.3672991633538916 0.15454540252860874 0.10222608767505648
0 0.7554696614710237 0.49708505500067074 0.18926036397194573 0.13344185442427942
0 0.3571880575212273 0.6997475587247244 0.17313471622369905 0.1249016083532208
3 0.7268752035714309 0.9281347511359013 0.17251295496493207 0.14373049772819754
0 0.2049594332133653 0.9448608897847522 0.13387195712440042 0.11027822043049547
1 0.6199758451550397 0.3396641991286492 0.32190978253968333 0.28294104838564216
0 0.8111875377814706 0.564330367035164 0.184372604872647 0.130098530602962
2 0.9621819339885576 0.8889772642635144 0.0756361320228848 0.15582196856846836
1 0.7899786620893325 0.3062995432138465 0.2433446915466968 0.24812509263745525