1 0.809375 0.225 0.184375 0.315625
1 0.5328125 0.5296875 0.1375 0.23125
2 0.578125 0.91484375 0.103125 0.1703125
3 0.48125 0.81796875 0.1015625 0.265625
0 0.38984375 0.684375 0.065625 0.134375
0 0.415625 0.53828125 0.06875 0.115625
0 0.421875 0.39609375 0.090625 0.1515625
2 0.56171875 0.12109375 0.1375 0.19375
3 0.1078125 0.74140625 0.096875 0.265625
0 0.3765625 0.85234375 0.075 0.146875
0 0.63046875 0.775 0.08125 0.153125
1 0.83359375 0.84375 0.1203125 0.19375
3 0.90859375 0.71484375 0.0453125 0.159375
3 0.72265625 0.45 0.134375 0.1296875