0 0.7366994003039339 0.3242812820078598 0.17473923871722885 0.11045617080279087
0 0.8159633514784328 0.36006060885928043 0.07976170783841638 0.06171303218308673
0 0.05161867280296902 0.2586758774718393 0.10323734560593804 0.11077324505632147
0 0.19914454216158348 0.04221000728946705 0.15435253087881237 0.05289504307885003
0 0.05409280344435456 0.37246522586268493 0.10818560688870912 0.1425695482746301
0 0.030839508379777215 0.5028464945521184 0.06167901675955443 0.10055701089576327
0 0.20778112694696885 0.46885998860003364 0.1864041644231918 0.13622099530842302
0 0.1644881165221276 0.5365991456570696 0.16398359514371963 0.11594134629715871
0 0.28702234606815646 0.5054205654514543 0.12000627461060623 0.10506954827463008
0 0.3440428873718101 0.3946198232451244 0.14224498746358769 0.1190991972858944
0 0.4792409383088822 0.51770812595923 0.2065348079967011 0.1313913836760255
0 0.3360903318823915 0.5339554748542787 0.1052618130112661 0.08064870248167448
0 0.28447635609728633 0.5929205654514542 0.21011444906292792 0.14723490496334896
0 0.2264676278048987 0.6305023289451076 0.20001202335696497 0.12157934110137862
0 0.07099666970211944 0.6726237629894503 0.1419933394042389 0.11920845792955603
0 0.07363448132839553 0.7651554704148034 0.12372230799670107 0.12560056956195353
0 0.1600637263138306 0.7154507653352388 0.21204066191590934 0.15984416560701079
0 0.18062026722177285 0.7592336163239745 0.10315374373179384 0.06178944183801285
0 0.125122773489979 0.8176906085303044 0.092761813011266 0.07977461733238052
0 0.41187393039132336 0.608961192671192 0.1155915592503423 0.11411676634364483
0 0.35155254433966154 0.672433466808507 0.1498301669304743 0.11183300050420311
0 0.5225530176174843 0.5832895672930396 0.14661423871722903 0.10848947921687965
0 0.5982540481005852 0.687928154788122 0.12611988229073817 0.10081909084927716
0 0.11165994787579367 0.31575105011621557 0.11339256175762476 0.09213250569998319
0 0.2218302889293852 0.7898773289451076 0.16017663354437942 0.09228532500983526