3 0.7421875 0.72734375 0.15078125 0.10546875
0 0.603125 0.76484375 0.09453125 0.13515625
1 0.6453125 0.93125 0.159375 0.1375
1 0.3515625 0.88359375 0.1296875 0.2015625
1 0.3265625 0.27578125 0.16796875 0.35625
1 0.1578125 0.259375 0.08125 0.271875
0 0.13515625 0.5046875 0.05859375 0.1421875
0 0.025 0.2546875 0.04453125 0.1375
0 0.7109375 0.265625 0.08359375 0.16484375
0 0.553125 0.09921875 0.1140625 0.17421875
2 0.759375 0.13203125 0.13515625 0.2359375
2 0.1796875 0.0609375 0.153125 0.121875
1 0.41796875 0.62265625 0.13671875 0.26796875
0 0.3 0.03828125 0.0890625 0.0765625
3 0.8328125 0.33203125 0.1125 0.1875
3 0.2015625 0.55859375 0.0703125 0.31015625