1 0.9160309030275215 0.5370372242224754 0.167938193944957 0.34443970258518863
2 0.7971408187062254 0.2590634159332491 0.18017949069063538 0.18382053756616062
3 0.22775085478990342 0.8989627875289795 0.13964539735836246 0.1899776956651067
0 0.4172067760184537 0.12963446737675524 0.21566355203690737 0.2592689347535105
0 0.5227391606858628 0.12017330676917044 0.10686926002545327 0.19176568874502425
0 0.11824311203054405 0.22028864228161504 0.0894454026893626 0.1707528517868859
0 0.21074988005249756 0.37831470650234034 0.10961245202099903 0.15908052273741297
0 0.5768332447883127 0.8730144638795331 0.12843517735518084 0.16609452669174588
1 0.4230179014560398 0.8870981630046806 0.21473630402608973 0.2008462114824372
3 0.3662486387650864 0.7104202578714844 0.2358124200349984 0.2672988824329643
0 0.7838639474458585 0.797359253385679 0.0970942706874535 0.15700868676785795
0 0.749803836728179 0.42278767631337244 0.11155676002545327 0.19195668973360736