0 0.8058404799851537 0.5347047865611412 0.16379690637700656 0.0862294960216353
0 0.8635024937799635 0.47149571455286887 0.07605788896415219 0.05085452267663584
0 0.19824482247649328 0.8591557293125465 0.16099945499752563 0.09244313335454421
0 0.42613520635226265 0.9862705706158661 0.14942014586155708 0.020477226686817573
0 0.15205149592767014 0.753378443984728 0.1863203595655099 0.12865335335772626
0 0.10224184644806851 0.6382625213240004 0.12358134215265534 0.09356928134945389
0 0.29715155472495447 0.5984716732972744 0.17752521370395283 0.10981244668999893
0 0.23758180291593217 0.5506977919716831 0.15639384215265534 0.09395108935390831
0 0.3547316813646346 0.533700101289002 0.11231629353213642 0.08719201201463563
0 0.44028075700894664 0.6147859219446389 0.13484639077317442 0.09994655068427179
0 0.5184422992978875 0.4504956079328667 0.19430327792830404 0.10219994135899882
0 0.38911664744343677 0.4887415899506841 0.09866987336031982 0.065171561346272
0 0.3255963800305822 0.4550847526257291 0.1982471494796016 0.11786130402608971
0 0.2623593956344144 0.441749505967547 0.19076884215265535 0.09435107869190791
0 0.10705109791840654 0.46153638932209146 0.14430327792830414 0.10161813868554467
0 0.07993199796383507 0.37664376865850036 0.1261264880142124 0.11233746268299924
0 0.1766808452048731 0.38802561664545554 0.19890224672063966 0.13036130402608972
0 0.18047423055098052 0.3410778913112737 0.0976872274987628 0.04642156134627218
0 0.11382896313812599 0.3074574166534097 0.08781426051544958 0.066606792011454
0 0.43095558740295703 0.3921023999443207 0.1081201164629149 0.09651246801399935
0 0.35875968283497267 0.35698305995386576 0.14060506784239585 0.09064427601845378
0 0.5363867158516594 0.3752410692632305 0.13896068068726616 0.08906359468490824
0 0.5697204370188442 0.25055869525782165 0.12144563206674715 0.08261360001590834
0 0.26175072252192183 0.7732085913033195 0.10861808344622811 0.0762181493475449
0 0.20708764020734746 0.29699153664068306 0.15195864767057934 0.06891472668681722