2 0.690625 0.90859375 0.1359375 0.175
1 0.2078125 0.921875 0.1390625 0.15546875
1 0.79765625 0.92421875 0.10234375 0.14921875
3 0.434375 0.6125 0.1109375 0.18671875
1 0.125 0.0421875 0.084375 0.08359375
3 0.453125 0.06796875 0.19375 0.13515625
0 0.72578125 0.153125 0.084375 0.13203125
2 0.47109375 0.79453125 0.20703125 0.2078125
0 0.61953125 0.2953125 0.065625 0.1328125
0 0.42109375 0.9484375 0.0765625 0.103125
2 0.75390625 0.7359375 0.11171875 0.1453125
3 0.20625 0.03984375 0.07890625 0.0796875
3 0.31015625 0.88828125 0.13125 0.2140625