2 0.226477930514921 0.8738562180139994 0.18030948491686283 0.2522875639720013
1 0.09599129910780935 0.915171014003818 0.1919825982156187 0.16965797199236404
0 0.06445853175575825 0.8225118940165448 0.08580609604505715 0.08842724801081765
0 0.5278219092275975 0.8795351480346802 0.17340392105489233 0.2409297039306395
1 0.6439985662846335 0.8425475094286774 0.2650558255140384 0.3075237880330892
0 0.9004606417986718 0.5405963001272669 0.10667560694082034 0.163609061346272
2 0.34740669761487053 0.5443254487189522 0.2932243841802286 0.35312718936981646
0 0.5371183157035558 0.23534244207508745 0.15839092625067241 0.21104768268618096
0 0.4595228294493108 0.10386462806331527 0.11779877723940828 0.1887181493475448
0 0.7247607913141392 0.3696645401018135 0.12364458565349708 0.16068405601527197
0 0.793527216808507 0.3814111094445858 0.16944839457178879 0.2798704080203628
1 0.6742148520740164 0.4887048940960865 0.21480445323797923 0.3256738040260897
0 0.39505296789378785 0.835741336728179 0.10023993664223267 0.13855451734563573
0 0.028617218863756726 0.40049998667249975 0.05723443772751345 0.15866702267663585