1 0.1921875 0.76015625 0.15546875 0.21015625
1 0.896875 0.12265625 0.096875 0.20625
2 0.75703125 0.19375 0.125 0.2125
0 0.5515625 0.80546875 0.090625 0.1515625
3 0.459375 0.1328125 0.08203125 0.21953125
0 0.80546875 0.25625 0.06328125 0.11171875
0 0.6984375 0.10859375 0.078125 0.10546875
0 0.37109375 0.06953125 0.05625 0.134375
0 0.08125 0.59296875 0.0609375 0.1375
0 0.875 0.56953125 0.07578125 0.14296875
0 0.13828125 0.03984375 0.05859375 0.07890625
1 0.2953125 0.359375 0.1453125 0.22265625
3 0.3671875 0.69609375 0.13671875 0.10703125
2 0.546875 0.665625 0.18984375 0.13671875
0 0.07734375 0.91171875 0.04296875 0.09921875
2 0.9265625 0.45625 0.084375 0.30703125