1 0.11632437132939392 0.5948536538135315 0.23264874265878785 0.21341769237293703
1 0.46564720409938243 0.8545510245099532 0.323278787293461 0.14081849527549445
0 0.9015698682493511 0.5045807293271259 0.1479315577118811 0.08007442431676956
0 0.7021725581752172 0.42727172877897174 0.17854664065150558 0.10767363466105592
0 0.2390128484639032 0.3505902439247322 0.1628125132468439 0.10400299763774737
3 0.5293675522695855 0.04591266760852962 0.150639895460829 0.09182533521705924
0 0.03254711597191633 0.15504959854872116 0.06509423194383265 0.10552580290255768
1 0.6191442594490109 0.6151016001931836 0.2879811827542902 0.24726690271722304
0 0.7361780251429254 0.3472742047323546 0.17224207694917482 0.1058928798517325
2 0.8574751941022175 0.018854115887098316 0.21004961179556503 0.03770823177419663
1 0.7984324553653268 0.5979165562763007 0.21221729092165803 0.2227728450053421