1 0.11383435462398897 0.20913635642891437 0.19653772721932725 0.22838879958972588
0 0.46331351025161904 0.10040609355715246 0.29640875244707066 0.18764724565032248
0 0.5556795703257528 0.021793704247109018 0.13644842068857255 0.043587408494218036
3 0.6894171971822604 0.20468716139400306 0.40850695916315993 0.14004038507222322
1 0.8961594985447967 0.4118331201026469 0.20768100291040675 0.2503588879720082
1 0.6426463793035783 0.32337888442430135 0.32548118275429017 0.2615350315430939
0 0.5153076077040318 0.4677586143030769 0.2784573606144388 0.1644698547785292
2 0.822304108252186 0.6169126290257166 0.35539178349562806 0.17169220415847378
3 0.8515191542572446 0.850825687739005 0.2969616914855108 0.15410103984146356
0 0.4875645867374576 0.727572244801908 0.10821429328391083 0.06430114357108571
1 0.34996043773324953 0.8695965692867432 0.2957539880191004 0.16889724565032233
0 0.34808788056952267 0.591660823435928 0.34889883538669525 0.21811691826570226
0 0.2854738078815171 0.7052865381678565 0.1296726310328588 0.09865283278320494
1 0.3026613078815171 0.7039841472960633 0.23487105172143136 0.1658421780139646
0 0.24703135597475132 0.7708649165920951 0.09258929328391083 0.0631171518694554
1 0.14149808547151327 0.5078339655571211 0.2545139183263198 0.23745706888575774
1 0.2140303059826006 0.3417577570489699 0.22593256134007814 0.1776317829929864