0 0.24603201329902746 0.37335672852997764 0.16468205547083342 0.09469539734428026
0 0.167742705928333 0.4135317557555366 0.0762728656913195 0.055123837235821684
0 0.9266845608860761 0.2687081943705317 0.13666615824437506 0.09921927088084707
0 0.7783237153307291 0.06312983918072924 0.1512728656913195 0.0555601744716433
0 0.9209410943210761 0.3811900136523726 0.14378898043270852 0.13675563231716562
0 0.9368544222089927 0.5031740979613281 0.10541615824437507 0.09903746369925485
0 0.7483010684855204 0.48019916451269423 0.17932643692972228 0.11977721057599684
0 0.7859088648382981 0.5429264234896847 0.1570513934267362 0.1024624455488821
0 0.669230511114826 0.5203696465587133 0.11464568787965276 0.09284200585373252
0 0.6200500883371525 0.417725914709086 0.13684799620027785 0.10703177088084707
0 0.484273629655937 0.5442969841873184 0.19476959897381949 0.11205561416679295
0 0.6208469092912148 0.5513423906067849 0.09847517401194458 0.06931360226293641
0 0.6672666611910759 0.6047446465587133 0.19982077488562505 0.12770788524403187
0 0.7212086255718745 0.6370940591264999 0.1899002610179167 0.10421584308955403
0 0.8736244575438536 0.6684536643163025 0.1462593637914587 0.10864881303532492
0 0.8762026372553813 0.7591059353935413 0.14651393692972264 0.11958631303532474
0 0.7811271798084369 0.7147968783101449 0.20167421561506949 0.1402169756031114
0 0.7598145710509716 0.7576474536421098 0.09811149810013901 0.05368860226293641
0 0.8093775067464228 0.8102866403121973 0.08917290919430557 0.07238406010845858
0 0.5440648973233675 0.6274685533709634 0.11014002583555574 0.1006272347764936
0 0.5990056640408674 0.6840458062978296 0.1413172906531944 0.097684041958086
0 0.43899619082635366 0.6096674541330891 0.13971842306201393 0.0961124515990063
0 0.3599606946260758 0.715472026538188 0.1223854526972917 0.08976245764913067
0 0.847958842421215 0.3276332215960907 0.10970361474138893 0.0818772347764936
0 0.71844403543177 0.7894423543060397 0.15178201196784719 0.07743517447164319