0 0.8671875 0.30546875 0.06015625 0.10703125
1 0.92734375 0.1515625 0.08359375 0.2421875
3 0.72421875 0.209375 0.1578125 0.15703125
0 0.7 0.0921875 0.11171875 0.184375
0 0.55 0.16015625 0.07421875 0.1453125
0 0.4953125 0.10859375 0.09296875 0.1609375
2 0.5140625 0.303125 0.15390625 0.16953125
1 0.4078125 0.30546875 0.0890625 0.21796875
0 0.3609375 0.6296875 0.07421875 0.11875
0 0.246875 0.6625 0.1703125 0.30546875
3 0.17109375 0.86484375 0.1265625 0.2703125
3 0.44375 0.96328125 0.07734375 0.0734375
2 0.628125 0.79453125 0.20234375 0.265625
2 0.50078125 0.54296875 0.12421875 0.34296875