1 0.37109375 0.34453125 0.19375 0.23671875
1 0.390625 0.56015625 0.20390625 0.3
3 0.18515625 0.61171875 0.15703125 0.27890625
3 0.628125 0.3640625 0.15234375 0.246875
3 0.90078125 0.634375 0.10625 0.1734375
0 0.55 0.5625 0.0765625 0.1671875
0 0.26875 0.2796875 0.08828125 0.15
1 0.5203125 0.19296875 0.09921875 0.36484375
3 0.74296875 0.05625 0.08828125 0.11171875
0 0.27265625 0.8 0.084375 0.18046875
0 0.6 0.08515625 0.06640625 0.16015625
3 0.284375 0.109375 0.07109375 0.21875
3 0.37109375 0.190625 0.11640625 0.12734375
3 0.50546875 0.2859375 0.10703125 0.309375