0 0.5174382504097755 0.7825669657119787 0.11120298138875029 0.1758377610179167
0 0.5919695235691393 0.837925306517673 0.06315927956950454 0.08263196846486105
0 0.08872866790651482 0.1754708190542013 0.11567215756743261 0.17125936379145842
0 0.19617514081820958 0.13151883767156233 0.1501927067816443 0.17518445079743067
0 0.30903470574818703 0.06945263592420113 0.10643839867609248 0.1070513934267362
0 0.37643418320799577 0.25715135125493027 0.13834767824559702 0.1889560100679862
0 0.4172368116202085 0.19285180870187463 0.11701633374611506 0.166608231382639
0 0.4517467063673596 0.31249150826503436 0.10567641935425694 0.12420252583555565
0 0.379514295490158 0.4072422702328817 0.12224748924663302 0.14487870174736125
0 0.5618409520241334 0.4765156810427079 0.1329709735308672 0.20756053970326396
0 0.5032749731165825 0.3441402453472565 0.08143839867609248 0.10646951196784729
0 0.5297967777074778 0.27548051111482597 0.14874152274507893 0.21104921561506956
0 0.5353339942090317 0.2096554893633329 0.12494014970954978 0.20269120174736122
0 0.49066569540910476 0.06296820621267343 0.12195639081820957 0.12593641242534687
0 0.5780008755167286 0.041673781250798396 0.1278767510334573 0.08334756250159679
0 0.5786965423897861 0.11635877783232589 0.16294957195929066 0.21450152393569458
0 0.628769316996892 0.11675751491454808 0.06261562406898662 0.10447060087368061
0 0.6535102977664696 0.045215702128610855 0.08085620181924576 0.09043140425722171
0 0.611344338294229 0.38072974914697866 0.11476032092583352 0.118170731382639
0 0.637429495242489 0.3026950149145481 0.11316358767505648 0.15091049620027785
0 0.6437459234880861 0.4886870663013189 0.11152831306795061 0.14931162860909736
0 0.7794308664159916 0.5136844534597911 0.10120724317557439 0.1287809230620141
0 0.1876970148871962 0.23495296219659706 0.0927397717116217 0.11453658510611123
0 0.6783712107105858 0.14063011958795082 0.09328773531769166 0.15981271751493065