1 0.12391633426693846 0.6658689408609908 0.24783266853387692 0.3798845148871962
3 0.39010874177900134 0.824389800457066 0.24507110744502345 0.31978176881613757
3 0.037839581542997644 0.6786301141441891 0.07567916308599529 0.3146147717116218
3 0.0032792752225958345 0.8587007578578829 0.006558550445191669 0.12322348428423417
1 0.2250732396853144 0.6677695810600278 0.15876226684784803 0.2659247146395273
0 0.38366516979438464 0.10360857361642979 0.14966078243518838 0.1580394400324213
3 0.6654068426908625 0.09125950796258134 0.14000155917039336 0.18251901592516268
0 0.8490391614965114 0.17459939227046087 0.16391966041123068 0.2505908130679506
0 0.1559336537028413 0.15315061703967325 0.11074039406758578 0.13598034946188076
3 0.9099613279367015 0.4949247007902975 0.12959892675487553 0.36112589867609246
0 0.8713476701233608 0.7575895206826736 0.07949039406758587 0.13452485731976366
0 0.23241122023957633 0.9080478246498871 0.11702324505632147 0.11446922249741007
0 0.669561658975496 0.9149419100531411 0.12272694183801285 0.10694782092583352