2 0.6348963035349063 0.5602121395753553 0.24835533638111046 0.36636567038771417
1 0.8202126295949069 0.2327186480524107 0.15640299076370318 0.293613066996892
1 0.5040510959002311 0.16741886393479216 0.2792745627712033 0.2573203101724665
1 0.7958830302078231 0.5326972233214703 0.2715385581530548 0.4001242402800903
1 0.9280045886901845 0.7014387229071856 0.14399082261963086 0.19027405128112634
1 0.784229088078054 0.8367285011359012 0.28040641875620304 0.32654299772819756
3 0.9634629265318975 0.8403578277457499 0.07307414693620515 0.23431084160399784
3 0.9436722630776613 0.9018732164970448 0.11265547384467745 0.141613919354257
3 0.6159090235634244 0.8145336124870501 0.19032963996249955 0.21894270678164424
3 0.556163585203332 0.7541740012383451 0.21167695966092542 0.2495035020669146
0 0.9386656769793749 0.37702091976403246 0.12266864604125019 0.2101455955329393