0 0.7748851053866794 0.42435657912383495 0.18413973734881744 0.12151153855474384
0 0.8636117980585428 0.46623501440881815 0.08826361600890849 0.06919035178688589
0 0.04829478604390707 0.32525200939154014 0.09040791868236292 0.11925401878308026
0 0.1674244046785449 0.09428053509470269 0.16488066000954502 0.07699753460041112
0 0.05828849872690632 0.4459146778706093 0.10792268268618092 0.1480793557412186
0 0.042682774745360016 0.5811518409124711 0.07303860534690847 0.10292868182494211
0 0.22822937607413296 0.5551344634596036 0.19849313868554458 0.1470845415204934
0 0.19078446741722344 0.6254496220528409 0.17483746268299924 0.12737953657757756
0 0.3169651594127691 0.5977941487445867 0.13097837468172652 0.11622186068413445
0 0.3648203093968607 0.48261215912471 0.1545795066836356 0.13123936562705046
0 0.5225884507479053 0.6194476087441492 0.21876927601845358 0.1447872124710205
0 0.3735696954169052 0.6305549106075847 0.11190111067790856 0.08733285672980173
0 0.3258503580919503 0.6902999837255587 0.22363858935390812 0.16060321345960346
0 0.2677202320973592 0.727756221368269 0.21241018801718106 0.13515754448624281
0 0.1174116967695407 0.7622373562355103 0.13261360001590833 0.12253552768032883
0 0.13182928011613101 0.8604347757031625 0.11239200668363561 0.12952035672980172
0 0.20782815877622224 0.8151169585166876 0.22538290268936265 0.17629188045579802
0 0.23336450811581289 0.862229380455798 0.10855793467536327 0.06845552273741298
0 0.1817389207908579 0.9218152860832859 0.10096361067790856 0.08688718775644091
0 0.462778193427723 0.713839595892568 0.12480110001590834 0.12221719269935694
0 0.4057384001034043 0.7778901670333754 0.15915791868236293 0.12205536661563343
0 0.5772946794239049 0.6903941201128557 0.157595418682363 0.12199169961943923
0 0.6707730541056315 0.8050879728883247 0.13713746801399934 0.10866402866891214
0 0.10837885805217942 0.388608855246927 0.12300224267981759 0.10184102570316256
0 0.2814025661202672 0.896983723839727 0.16985906134627216 0.10218853558899425