0 0.3537086721207071 0.64921875 0.1192482526208937 0.1296875
0 0.618820137264672 0.5109375 0.08987973010335963 0.2078125
0 0.7211324113233654 0.43828125 0.08230945712440044 0.1140625
0 0.10215067628276023 0.36875 0.09853523442229636 0.1234375
0 0.16918946561461548 0.95625 0.07591975478036198 0.0875
1 0.39604066471945143 0.86640625 0.20774715299003388 0.2671875
1 0.7043187438353621 0.603125 0.15548374614248867 0.25625
3 0.34005689620708707 0.14296875 0.1831476711886312 0.2734375
3 0.7208248372923587 0.07734375 0.18723678901808824 0.1421875
3 0.5805910610741968 0.1078125 0.1075678778516064 0.215625
0 0.5766686173680318 0.303125 0.12629928901808823 0.1421875