1 0.7183273603584794 0.4479373032951832 0.23258892921692792 0.2793589901126429
2 0.37099425769037453 0.6294593629697798 0.27261414292088093 0.389575224273201
2 0.09825495703369053 0.2787973533345242 0.19630394843880491 0.3593307133774378
2 0.3584145290599579 0.27539457584301447 0.3004934814554917 0.38685441585911234
1 0.8354418600197953 0.6639233001930901 0.27163149705932393 0.3708252242732012
1 0.49427022614402566 0.8169925779367013 0.23711929895920325 0.24698353268728973
1 0.33330507067153026 0.8881841529465367 0.18705069990914297 0.18276821337743776
1 0.17680940920614102 0.90379771731271 0.15530937697836444 0.1712080005042033
2 0.6701300412728882 0.7883491358465872 0.19944223654387444 0.30039275595208464
3 0.4549410532586757 0.9139275620972598 0.15219766508343394 0.11183300050420328
0 0.9462277103130509 0.3471567812515552 0.07315197421940241 0.17791718639013113
3 0.6002755597017955 0.11109676508313719 0.20882388059640905 0.22219353016627438
0 0.37562744176854257 0.03325008854192586 0.11527751922187682 0.06650017708385172
0 0.13953613353708513 0.0852058904612895 0.07908771370395287 0.11294775025210155