1 0.716738199909143 0.18678701880479226 0.3232205732694629 0.24161215064493083
0 0.871435665987945 0.14591071171843822 0.13402087516934244 0.11548214247680569
3 0.9667935108541339 0.6924603630289592 0.06641297829173212 0.1803797906531946
1 0.6749457683173656 0.07423181420763944 0.22176653663473136 0.12220622758291685
3 0.47475981908559123 0.34891877042031283 0.33185858887329506 0.22776785619201415
0 0.3889185736081471 0.46786683254066 0.15515224672063965 0.13157992116215295
2 0.5591358983479479 0.5295706647969796 0.2414925384437538 0.1710437710859029
3 0.21428490728151775 0.11344882342260434 0.2729129568065479 0.14524499050069467
0 0.6586909995457148 0.8658549633339587 0.20515224672063964 0.1327436840799308
3 0.1135411945936177 0.6775996295590279 0.11938516508343389 0.10421733415618065
0 0.9414383067611194 0.5294512167524313 0.11712338647776122 0.12202308320625015