0 0.27749221349678466 0.624529953219563 0.16769151878308036 0.09383623119538154
0 0.1991788711014389 0.5793334619950516 0.08035334486680368 0.056960705331134065
0 0.9495131576418352 0.7795540178136746 0.10097368471632961 0.09908602084968247
0 0.8129919506823844 0.9740899648315384 0.15340884288963713 0.04972251834239998
0 0.944527227299768 0.6669858216537407 0.11094554540046389 0.13359741316955062
0 0.9642057159310615 0.5418410691464581 0.07158856813787687 0.09638691818411545
0 0.7895836952079959 0.5528143584050478 0.18127385771838506 0.12076244404836309
0 0.8292245153602202 0.4915418892838602 0.1586985207602467 0.10293844655564541
0 0.710457269314553 0.506813885127225 0.11625635277546902 0.09546091567683312
0 0.6591268740671884 0.6067624093421198 0.13864068874502422 0.10859741316955045
0 0.5231827623944707 0.46859115643912597 0.19976918973360736 0.11505801332783516
0 0.6622134288963736 0.4718562119285446 0.10117518083635879 0.07005173871722903
0 0.7093311680219586 0.4217258312871591 0.20190469269935693 0.12916597743445773
0 0.7650890780980708 0.3921352711788869 0.19469968775644092 0.10554662100796719
0 0.9210698226608635 0.3709231638944664 0.14638952174883002 0.10726223370266394
0 0.9181583868815887 0.28032089594777776 0.13596135771838505 0.11944398495630519
0 0.8276262287826428 0.31826351365703953 0.20404019566510634 0.1432739415410805
0 0.8062804693911026 0.273163962324256 0.10047484387822045 0.052864238717228854
0 0.8580538750185905 0.2223887240027385 0.09036501482874755 0.07285848997087016
0 0.5846839950942652 0.38844666686396734 0.11195085475263547 0.10469952335696497
0 0.6410175667293643 0.3346828208623178 0.14450868676785794 0.09940426959604132
0 0.4782575815581119 0.4001761255603136 0.1412563527754692 0.09618834138279589
0 0.3995503083264073 0.2878603304957362 0.12218801779449713 0.08783027210332381
0 0.8890146453217266 0.7141132227490973 0.10949701680591417 0.08277905925034226
0 0.7650042119767289 0.23684837760537766 0.1544911818249421 0.07628501834240006