1 0.4875 0.9046875 0.175 0.190625
0 0.30625 0.8765625 0.0609375 0.13515625
0 0.61328125 0.9359375 0.06796875 0.128125
1 0.54296875 0.73359375 0.12109375 0.18359375
3 0.55859375 0.1734375 0.11015625 0.09375
0 0.07421875 0.59609375 0.07421875 0.0875
0 0.75078125 0.76484375 0.17265625 0.17421875
2 0.70625 0.1359375 0.209375 0.27109375
1 0.1046875 0.2765625 0.121875 0.153125
0 0.07421875 0.7125 0.04765625 0.128125
0 0.084375 0.871875 0.078125 0.128125
3 0.1671875 0.78671875 0.1296875 0.19765625
3 0.8296875 0.54375 0.10078125 0.24140625
0 0.6828125 0.52265625 0.09453125 0.115625