0 0.10146114104236718 0.7589640182746772 0.08599176634364492 0.1170502630835923
0 0.18418116987125926 0.8885065760824803 0.10136539406758578 0.136619310438639
0 0.33687448113533963 0.8699448338338138 0.09326867080279086 0.17660727360693612
3 0.4439539156838853 0.5726063732257655 0.1947219101591291 0.1809601156156063
0 0.4524551945127774 0.6978261811041557 0.06949268119435104 0.10364021046687384
0 0.36549079005363144 0.7523779022355479 0.09020937278026224 0.13285727360693614
1 0.40461753611835916 0.3498899390672507 0.20281790546755207 0.3634995998305908
1 0.5931612300500588 0.42441033888372404 0.22719519259431742 0.33379668927901224
0 0.6074793642302876 0.07381880468285706 0.11004127153942492 0.08265985253201387
0 0.6995140449204355 0.12624512564483986 0.11114458565349708 0.16519933674699833
0 0.8537284813874411 0.8263115570313444 0.12437655917039336 0.1986488735787013