3 0.7953125 0.21171875 0.16484375 0.23828125
0 0.55078125 0.325 0.04921875 0.09765625
0 0.21640625 0.52734375 0.06953125 0.11640625
0 0.30859375 0.209375 0.09375 0.1265625
0 0.2921875 0.32890625 0.0671875 0.16171875
3 0.6453125 0.78984375 0.13359375 0.33984375
3 0.89296875 0.3265625 0.11015625 0.1953125
0 0.60703125 0.32421875 0.09765625 0.20390625
3 0.24375 0.79921875 0.14765625 0.1859375
3 0.4421875 0.51640625 0.20390625 0.32734375
0 0.13125 0.0296875 0.05234375 0.059375
3 0.6515625 0.12421875 0.175 0.16484375
3 0.9015625 0.909375 0.0953125 0.18125