1 0.646875 0.128125 0.1765625 0.2390625
3 0.29609375 0.67265625 0.20390625 0.23125
3 0.28125 0.36328125 0.13046875 0.171875
3 0.56171875 0.05 0.09140625 0.09921875
0 0.3578125 0.94296875 0.14140625 0.11015625
0 0.2203125 0.9421875 0.06015625 0.115625
0 0.76015625 0.7484375 0.08515625 0.1390625
3 0.46328125 0.06171875 0.1453125 0.1234375
0 0.8578125 0.11875 0.15546875 0.228125
2 0.7625 0.2875 0.1578125 0.190625
0 0.6734375 0.7375 0.0640625 0.16640625
1 0.51484375 0.45546875 0.09453125 0.26171875
0 0.09609375 0.63828125 0.05078125 0.1140625
3 0.1546875 0.77109375 0.07578125 0.1640625
2 0.08046875 0.759375 0.096875 0.18671875