0 0.6019817508026082 0.7391663137047596 0.07113593393541642 0.16163472099021767
0 0.5489410855563313 0.8119282504941101 0.0462599303072194 0.07442314732681163
0 0.8237227313956785 0.0643125569512018 0.08034724282842376 0.1286251139024036
0 0.9942448071213178 0.2470356667308836 0.01151038575736436 0.1510920631400622
0 0.7097594351165428 0.05912765162600151 0.11483137023308565 0.11825530325200302
0 0.5852306610699257 0.031062835784516223 0.08452382213985139 0.062125671569032447
0 0.578070469414779 0.21135983212061102 0.09640875244707062 0.17090330517696725
0 0.5208011172378606 0.16302801890996166 0.08325398801910033 0.15142526308359244
0 0.524248554168502 0.2841672715407976 0.08172620435383635 0.10767526308359247
0 0.6197545163268868 0.35140870847132255 0.09181053248413776 0.12853379465362344
0 0.46885919363888123 0.4690119793768356 0.08779764427970278 0.19223227360693612
0 0.48512405598260055 0.32950215834426566 0.057852194735189676 0.09381018415851469
0 0.4393279171451935 0.2734565556710774 0.10342264427970274 0.19314232622365468
0 0.41529765090312465 0.2130118793344833 0.07825895317271012 0.186998742036905
0 0.4088963395630465 0.06051438833064755 0.09057541469812272 0.1210287766612951
0 0.31850695253973793 0.0523753001270569 0.10263890507947586 0.1047506002541138
0 0.3469990294889127 0.14027160032470098 0.1159226442797027 0.19387036831702945
0 0.2997520072563941 0.15476601080569238 0.03921132213985139 0.09584312101845249
0 0.2546279910143253 0.09554990550166823 0.06221231252120454 0.08470819994353027
0 0.3950372585223385 0.39502771878290477 0.0908829495445131 0.10197129465362353
0 0.34659726932211166 0.3305248740022243 0.07958335099579195 0.13561825256024881
0 0.3957317176854985 0.5045847293062484 0.079528787293461 0.13405575256024882
0 0.2758210109694092 0.5679331397166527 0.07424108656782166 0.11659523677523324
0 0.7491617302145521 0.13407074807503577 0.06906251324684405 0.10225972099021767
0 0.2603546905588384 0.19228839760916044 0.05669148801910042 0.14987817363517103