0 0.1524305348438642 0.4280979987506002 0.17694285352912936 0.10040550954776961
0 0.0841765196970172 0.49851816514220265 0.08215057178554282 0.05904495850815117
0 0.8322778585035067 0.04977422644292593 0.17116645020978147 0.09954845288585186
0 0.8644373178368505 0.1550978680280545 0.19744553029369422 0.14545790041956286
0 0.9029176321492163 0.2725804433380823 0.12765324855010754 0.10599173610255282
0 0.6944297033100592 0.3279936842145199 0.1883306394219007 0.1276784045687478
0 0.7492938794499239 0.3727724653334065 0.1650348493799445 0.10727081618646536
0 0.6246131881632121 0.39853224977628543 0.12249215186945542 0.09938653859206373
0 0.5459096929370969 0.31982875455017024 0.14218934523075966 0.11330732863402009
0 0.4423791833893273 0.4970084064196255 0.2079327444009227 0.11984259378086719
0 0.5827799630583215 0.4483080294452795 0.10509116431700996 0.07476504689043359
0 0.6448413325594904 0.48011321388351397 0.21067923610255282 0.13558599295103005
0 0.7094007400280231 0.48920294873666703 0.20265324855010752 0.1116748962703781
0 0.8740435804848978 0.458861485454631 0.1532452444009227 0.1156986228251613
0 0.8908507269557685 0.5445854979021856 0.13376153859206355 0.12509693361304192
0 0.7909574707319912 0.5405034943777006 0.21330732863402027 0.14976689212119307
0 0.780977896871856 0.5901958410583528 0.10367037427505377 0.056015046890433594
0 0.8461642663730249 0.6217642271562612 0.09270956348717299 0.07538035352912935
0 0.5258652669977248 0.5536001033054146 0.1153900468904336 0.10816954274124875
0 0.5972424369138123 0.5854761427226711 0.14929145020978146 0.10452432448483506
0 0.41374377529609463 0.5776314443869894 0.14761055103961845 0.10284342531467203
0 0.3623919950024006 0.7120190223963097 0.12838695435896633 0.09517263527271602
0 0.754494555389296 0.1401259086947107 0.11373245850815117 0.08629454274124866
0 0.7477976213520467 0.6385391752914502 0.16001546265733618 0.08203401784613931