0 0.109375 0.7921875 0.046875 0.11875
1 0.06953125 0.30390625 0.1078125 0.23515625
0 0.9234375 0.1109375 0.0421875 0.0671875
2 0.7515625 0.10625 0.1734375 0.2125
3 0.6828125 0.203125 0.11875 0.1890625
0 0.7359375 0.21953125 0.0546875 0.09921875
2 0.65546875 0.39609375 0.14921875 0.30859375
1 0.496875 0.4328125 0.19375 0.23671875
1 0.36015625 0.4203125 0.11484375 0.25546875
1 0.371875 0.78828125 0.17265625 0.28125
0 0.6484375 0.64609375 0.09453125 0.12578125
3 0.809375 0.81328125 0.10234375 0.184375
0 0.8296875 0.97265625 0.04375 0.0546875
1 0.47578125 0.86640625 0.1578125 0.14765625
0 0.509375 0.80625 0.065625 0.04765625
0 0.4609375 0.01640625 0.04453125 0.0328125
2 0.7484375 0.58828125 0.09453125 0.3109375