1 0.1443820564166868 0.63515625 0.17510473457542924 0.3640625
0 0.054109838073311975 0.74921875 0.08063416558343128 0.14375
1 0.402254831984232 0.5421875 0.2221864659077429 0.196875
1 0.4472149557680637 0.74140625 0.22439562256272047 0.3234375
2 0.5974995535773131 0.859375 0.13303423701106104 0.28125
1 0.7227643806869859 0.7546875 0.2176546988616142 0.2953125
2 0.7781139484611678 0.49296875 0.19753311363426657 0.30625
3 0.6121049391256769 0.3359375 0.19753311363426676 0.30625
3 0.8748424926963994 0.2328125 0.16187625730360047 0.2328125
0 0.8309812187504118 0.06015625 0.10646028003177213 0.1015625
0 0.4763346290588374 0.0578125 0.09108074188232518 0.115625
2 0.26486134090939045 0.04375 0.18902731818121904 0.0875