0 0.14228255194586933 0.31954540641946655 0.13062625730360064 0.2335488190854491
2 0.06351266964062105 0.3268988432859459 0.09891260714144487 0.2068045119038567
0 0.2634911245913153 0.4163345688890573 0.10697056899199797 0.22091246369925482
3 0.38121836688067756 0.35843168617910826 0.0771546095770768 0.12387383723582168
1 0.44445257264215066 0.5798708698241337 0.25349101298564347 0.20145445745273882
2 0.30134922929712815 0.7055879664297293 0.12933649269310407 0.2491647287263694
2 0.5461277154974105 0.85543447208707 0.22681151055001153 0.2841033309893056
3 0.15816229098552545 0.6922561985739442 0.15451949918592583 0.34930108411256383
2 0.0610457832748877 0.6331033914905477 0.09318871266133195 0.14740224082661796
0 0.39808963595210567 0.8327004331540462 0.13794783360249455 0.20546927088084707
3 0.5718182731319132 0.17909014070498083 0.22607512499835244 0.24191583098930575
1 0.7953662361969871 0.6342508602579681 0.1704251428552599 0.2759635780624395
0 0.9758257090078839 0.6087746581679825 0.0483485819842322 0.12221134328594588
0 0.8926851156595662 0.8840104866232054 0.15593417451188502 0.1618283551898024
0 0.6526192232080482 0.9146418213249442 0.11150233603812651 0.1225113251355733
1 0.472303062902918 0.4300481318261863 0.12920803327818292 0.15229881908544912