0 0.59921875 0.09375 0.10625 0.15546875
0 0.27109375 0.15546875 0.0765625 0.13515625
0 0.13984375 0.5328125 0.04609375 0.10859375
1 0.4265625 0.5359375 0.2125 0.29609375
3 0.60625 0.33515625 0.14140625 0.234375
3 0.78828125 0.63515625 0.128125 0.10546875
3 0.73125 0.81015625 0.153125 0.13125
1 0.60390625 0.90703125 0.21640625 0.18515625
0 0.346875 0.125 0.08359375 0.16953125
0 0.42265625 0.18828125 0.071875 0.171875
0 0.72734375 0.13671875 0.059375 0.1359375
0 0.10703125 0.696875 0.0484375 0.13828125