3 0.9242981394703793 0.20796016264082517 0.12479170199158389 0.2658643438900784
1 0.8502257224100038 0.23234038552293645 0.20419151451278844 0.34934208511458975
2 0.5539732265863551 0.10743234758449509 0.16732145317271013 0.18749530298213615
1 0.33037953619715266 0.5434450892712249 0.1892361479078998 0.2786658722616083
1 0.19085573392756722 0.5932368376218722 0.19625003974053173 0.300722728688099
0 0.17918165706321046 0.8176685362890886 0.13812502649368782 0.20069398495630528
1 0.4755829419096008 0.7903919486007095 0.2688343678708328 0.32312657759274244
2 0.5861012573412122 0.513423934810656 0.17243557222466938 0.42334187476889085
3 0.7043899219545169 0.32487356334047046 0.23307542794496658 0.23779683135366608
0 0.3692907579741843 0.6296470137235465 0.10981648801910042 0.14992109514371954
3 0.4962451275742977 0.6669006243066724 0.179404790921658 0.22062605172849495