1 0.2125 0.51015625 0.1328125 0.3453125
1 0.7375 0.95625 0.146875 0.0875
1 0.7734375 0.09375 0.13984375 0.18671875
1 0.9140625 0.09609375 0.1328125 0.19140625
1 0.59140625 0.934375 0.16640625 0.13046875
2 0.09375 0.41171875 0.12421875 0.30078125
0 0.2875 0.4015625 0.08828125 0.21015625
0 0.190625 0.1953125 0.0765625 0.10859375
0 0.60625 0.0296875 0.065625 0.059375
0 0.82578125 0.3625 0.07578125 0.17265625
0 0.43125 0.51875 0.08671875 0.1515625
3 0.4828125 0.26640625 0.08515625 0.33203125
3 0.38671875 0.3515625 0.125 0.38828125
0 0.10234375 0.89765625 0.07890625 0.14296875
0 0.82578125 0.809375 0.10859375 0.2921875
3 0.3546875 0.10546875 0.0765625 0.21015625