3 0.26015625 0.68046875 0.15390625 0.1125
0 0.30546875 0.75 0.06484375 0.11015625
1 0.3734375 0.775 0.09140625 0.26875
1 0.5109375 0.3015625 0.25078125 0.38125
2 0.31328125 0.10078125 0.134375 0.2015625
3 0.68828125 0.315625 0.1015625 0.13515625
0 0.7453125 0.2703125 0.08671875 0.1484375
0 0.74375 0.10703125 0.153125 0.2140625
3 0.85 0.0734375 0.0484375 0.146875
2 0.73125 0.48125 0.1328125 0.325
0 0.62578125 0.565625 0.03515625 0.11328125
0 0.6734375 0.746875 0.09140625 0.16484375
0 0.55625 0.6484375 0.075 0.19296875
3 0.19921875 0.503125 0.109375 0.13671875
1 0.35625 0.91640625 0.1875 0.1671875
1 0.12890625 0.94296875 0.1359375 0.1140625
0 0.22265625 0.96015625 0.0671875 0.0796875
2 0.56796875 0.9171875 0.1625 0.16171875
3 0.70078125 0.9421875 0.10859375 0.115625
1 0.57734375 0.43125 0.1484375 0.17109375
3 0.52421875 0.81171875 0.175 0.2375