1 0.21178993463689863 0.25873696593106155 0.36606909962342504 0.4648689022046278
0 0.04105564401500016 0.2272920118629981 0.08211128803000033 0.11581068380210838
2 0.3315627157861591 0.886326113649884 0.2631027586241662 0.22734777270023193
3 0.4825100611207425 0.8968590484405755 0.22124744929333287 0.20628190311884892
3 0.4735540176241219 0.8244998646756482 0.11818265494824054 0.08733285672980173
0 0.5204283090944921 0.7636870400747996 0.09931507775694434 0.12081651878308027
2 0.5433749594245844 0.5372518740671884 0.32384335193249925 0.3915295612921568
0 0.7295168024500935 0.4797616621276406 0.11835760367592556 0.16051568874502423
1 0.8581128197449086 0.6857145262718162 0.19300487210203662 0.26631470258518863
1 0.8438665176241219 0.839588942773719 0.1963444855799068 0.286690869581383
1 0.7879589787456498 0.8961135153974013 0.1801932223375923 0.19106003460041093
0 0.5096717770967599 0.35790261368706505 0.15777141819055523 0.18391869665368965
0 0.38404422639009284 0.12698158304098667 0.08050628916129607 0.13717634783255322
1 0.671926352261806 0.2508288958160182 0.18468381564592526 0.33136669961943915
3 0.7900891748349539 0.14587875205152845 0.11669665033009213 0.23050985376405228
1 0.5715148320922687 0.12599603908621643 0.14447033581546265 0.2098445266917457
1 0.6485844714891205 0.06954972091115845 0.12783105702175918 0.09083985870696813