0 0.5493424494494201 0.5428502375916274 0.10947995776545091 0.14303944183801284
0 0.2882361624059556 0.773689600232431 0.1429896787556686 0.21074039406758568
2 0.6141069596198279 0.9140643198909297 0.18514781570031094 0.10631497402109957
3 0.33380147845920244 0.49203005480779255 0.15376057878390342 0.18192697921687967
3 0.4993292259695409 0.33062874303950907 0.2350091207361039 0.3478904688253194
3 0.2216130206231644 0.4379049195422831 0.15245568401734036 0.2129584579295562
3 0.7140309498729431 0.09662471965849866 0.1589786998023559 0.1932494393169973
0 0.8621877288121382 0.0867828669926656 0.13510158404557515 0.1735657339853312
0 0.892277776237772 0.026823358946893916 0.11752069994353036 0.05364671789378783
2 0.7319982418251435 0.24454450552475623 0.2954159997176514 0.3163233945717888
0 0.3046412683452643 0.07132906075987727 0.1311575366905286 0.14265812151975454