0 0.890625 0.7921875 0.046875 0.11875
1 0.93046875 0.30390625 0.1078125 0.23515625
0 0.0765625 0.1109375 0.0421875 0.0671875
2 0.2484375 0.10625 0.1734375 0.2125
3 0.3171875 0.203125 0.11875 0.1890625
0 0.2640625 0.21953125 0.0546875 0.09921875
2 0.34453125 0.39609375 0.14921875 0.30859375
1 0.503125 0.4328125 0.19375 0.23671875
1 0.63984375 0.4203125 0.11484375 0.25546875
1 0.628125 0.78828125 0.17265625 0.28125
0 0.3515625 0.64609375 0.09453125 0.12578125
3 0.190625 0.81328125 0.10234375 0.184375
0 0.1703125 0.97265625 0.04375 0.0546875
1 0.52421875 0.86640625 0.1578125 0.14765625
0 0.490625 0.80625 0.065625 0.04765625
0 0.5390625 0.01640625 0.04453125 0.0328125
2 0.2515625 0.58828125 0.09453125 0.3109375