1 0.7453125 0.5484375 0.2 0.2609375
1 0.78046875 0.78671875 0.1765625 0.26328125
1 0.54921875 0.91484375 0.196875 0.1703125
2 0.36796875 0.85546875 0.1875 0.2890625
1 0.0796875 0.6890625 0.1171875 0.26953125
3 0.25625 0.1453125 0.09375 0.290625
0 0.51484375 0.284375 0.0859375 0.17578125
0 0.528125 0.4453125 0.08046875 0.15546875
0 0.43046875 0.41875 0.0765625 0.09921875
3 0.92421875 0.33046875 0.09921875 0.1953125
0 0.40703125 0.49453125 0.05859375 0.06796875
1 0.18828125 0.7890625 0.15390625 0.33203125
0 0.2234375 0.3703125 0.05859375 0.11484375
0 0.23984375 0.571875 0.0578125 0.13203125
3 0.62734375 0.6609375 0.12578125 0.39609375
1 0.4171875 0.05859375 0.184375 0.1171875
1 0.321875 0.68984375 0.11875 0.15