1 0.8096362890800173 0.45137542968757166 0.33250009263745534 0.25251522905358287
2 0.7018774088057776 0.7117899435850188 0.2989213052100677 0.2001472456503226
3 0.6845508217498938 0.8077886052027365 0.2348202638537389 0.1610362788438014
3 0.43482899586166157 0.5942426329976308 0.31585624813797325 0.22945623735195272
2 0.12946521546358747 0.7906385006247 0.1588442688161376 0.23468542116548718
1 0.7855779350700225 0.118692984251675 0.3430308701400451 0.1443242207552132
0 0.6035767260120666 0.2894045354917861 0.19473891935425697 0.136201299589726
1 0.15192229652361536 0.520646231953368 0.26556514970954975 0.21941746390673594
0 0.10956147621695447 0.6474446076783142 0.1455736732831983 0.11690592531467203
0 0.435118056034128 0.8511671392214082 0.1536772717116218 0.12374792116548719
1 0.02928735545773676 0.27780569128671173 0.03907111621110374 0.13686138257342345
3 0.2825794451997078 0.6348648651514914 0.24100179735218497 0.22689807718412744