3 0.06372151546128951 0.4472929579772124 0.12744303092257903 0.3336609104104042
1 0.14480731343464193 0.8777855528284799 0.14298444753799594 0.21996243145709177
0 0.4441292422832044 0.6697253399425316 0.12818997402109952 0.1864218893637169
0 0.6185375605077758 0.15615712165373705 0.10409691015912906 0.17568181043863912
1 0.6769627936599277 0.41107286383181646 0.16813726684784794 0.2681115051204975
0 0.8821798074056826 0.2691829534919994 0.07523993664223276 0.14132222099021768
2 0.7829075190184096 0.6095342086830841 0.1401872294689813 0.22446792093374784
0 0.818878597963517 0.8517525297862412 0.10275293144645241 0.17871580517696728
3 0.5042844003486466 0.3324304662932432 0.12094592055068923 0.10508088410204497
0 0.49136840915072294 0.0943158162650083 0.0914112398605413 0.15004477360693616
0 0.5118833689218645 0.1903794741857509 0.12746870818165768 0.22061487884037315