2 0.16953125 0.74609375 0.16015625 0.30625
0 0.47578125 0.14921875 0.06953125 0.1328125
3 0.6265625 0.28125 0.06796875 0.15859375
0 0.40859375 0.7578125 0.04375 0.09140625
0 0.56171875 0.178125 0.1328125 0.21171875
0 0.34609375 0.88671875 0.08515625 0.11171875
2 0.31171875 0.74765625 0.1484375 0.175
0 0.10390625 0.81875 0.0734375 0.13828125
3 0.2015625 0.47109375 0.159375 0.1859375
3 0.37265625 0.5625 0.11875 0.19375
3 0.825 0.6296875 0.1109375 0.23984375
3 0.3421875 0.06796875 0.16953125 0.13515625
0 0.86015625 0.5078125 0.06640625 0.1046875