1 0.884348324469444 0.45832044595086885 0.13285409327423636 0.27325827488562504
0 0.7080657667175 0.07276088639597281 0.08074346656499998 0.11431837955902784
0 0.48716354673402745 0.49597626158659763 0.1262027433504862 0.18877417211208342
1 0.39473769776020784 0.6048226250937156 0.1892508700597225 0.34796864057694454
0 0.28905008900274254 0.6453547464846183 0.09498911094166687 0.18960932028847227
0 0.2240050108304855 0.7196631090418057 0.07354921561506958 0.14069904160312507
0 0.2546426406738538 0.4444455567051044 0.12187891926229186 0.2042900693385418
1 0.15188262300642333 0.3591964280960071 0.20578505983923642 0.3873948164887501
0 0.16391507000413186 0.1109043984607293 0.08615831838861121 0.14567748233256955
0 0.12140146200916584 0.9949864981001391 0.07685344072944447 0.010027003799721967
0 0.1984912920812839 0.9733121730620141 0.06228310087368061 0.053375653875971804