0 0.3870174796464694 0.3468106033286367 0.13163950361804472 0.10646533278320494
2 0.14311699344127932 0.266077131123531 0.24296650723608923 0.21139147635429056
1 0.3842189490046318 0.1746279500092888 0.23237648801421243 0.12810537967363844
1 0.21991410956550989 0.14272398672725278 0.16905097241038014 0.13731351369695446
2 0.07587301899473424 0.5123233238601352 0.10425148801421238 0.11839664772027056
2 0.14519182779201853 0.3650590827832049 0.16041960085908263 0.12109651784613931
2 0.8278604014001656 0.8743393330069196 0.1905917797373263 0.16229020290907376
3 0.7813683452048731 0.44750414586939263 0.2784126843053107 0.20473965726804016
3 0.8778383107178482 0.6104436989836035 0.22077060266810483 0.17391478714217126
1 0.9394287494341732 0.5219508066619177 0.12114250113165355 0.11077432448483507
0 0.9223497127994417 0.1531532624707766 0.12013543758467123 0.0651299377622268
0 0.5450126068519764 0.09499076204656931 0.13024742198083886 0.07990283278320494
0 0.9952615903436332 0.18461767263860174 0.009476819312733652 0.044815592531467184