3 0.85859375 0.73828125 0.159375 0.26796875
3 0.4046875 0.10390625 0.13359375 0.1109375
1 0.075 0.75 0.08359375 0.28046875
0 0.7421875 0.43203125 0.06171875 0.11171875
3 0.68828125 0.87109375 0.0890625 0.24453125
2 0.7984375 0.934375 0.11640625 0.13046875
1 0.53984375 0.384375 0.1890625 0.240625
0 0.3078125 0.79765625 0.153125 0.175
3 0.91796875 0.878125 0.06171875 0.24375
2 0.80078125 0.578125 0.1078125 0.2640625
0 0.84296875 0.4671875 0.059375 0.11796875
0 0.61796875 0.1359375 0.08046875 0.1640625
3 0.1828125 0.03515625 0.07109375 0.0703125