0 0.2829075790974334 0.1765646893698165 0.28845620636839736 0.1297987773710892
0 0.36511378546583073 0.30396353071290694 0.3764341806146422 0.23228852538190684
0 0.4951037875918627 0.4334794027291335 0.21811175546001174 0.14771243602799872
0 0.18695657668153745 0.39711245202099904 0.21004416394474273 0.14449652936027152
3 0.3818381262321938 0.5375300087125888 0.37200177212991126 0.23535898138127057
1 0.29712789957005303 0.6567425380330894 0.3773909027348551 0.20576238804899774
1 0.4277235506379181 0.8510476160486796 0.3290489975841041 0.2254930853755436
2 0.8144585339680187 0.7696918121021317 0.33877494182452994 0.1725317173774526
2 0.8844697567525486 0.6418582607813128 0.23106048649490268 0.19028174403245296
0 0.07318086122928433 0.45666817067154525 0.07952774545807213 0.09458634134309048
1 0.880930748792052 0.36012700278481274 0.2381385024158959 0.25919537603436205
0 0.9315202933417386 0.5364082394573124 0.13695941331652292 0.15983062802354447