1 0.3160938016288248 0.3297892260382009 0.3785284636295394 0.26416671523842766
3 0.20767964013231338 0.5403224435540632 0.2366358945717888 0.28570935462398894
3 0.21045435091186113 0.7360342476377474 0.27895479852673166 0.19990082939624543
2 0.1458148805739324 0.07912948320977703 0.15412976114786484 0.15345736061443874
0 0.2655425085499748 0.17527285162876408 0.128791271539425 0.08087303248413762
3 0.7267035196978396 0.339451979751216 0.39239458565349705 0.1726885433687288
0 0.7375149695816241 0.46062757530471227 0.15575796312533613 0.10987105172143127
0 0.804642485421066 0.4286806600584353 0.21880426634364483 0.11986609981466553
0 0.9440285054478817 0.16412463065434063 0.11194298910423654 0.11659227767481414
3 0.9365491412175941 0.22861371658919008 0.12690171756481164 0.09386410580511528
2 0.9368437081816576 0.557973834375205 0.12631258363668466 0.20076887023308565
0 0.8971406139013114 0.6703894996214819 0.18359873986054148 0.15136907095872498
2 0.9690111700080489 0.7427580621426864 0.0619776599839021 0.1122668762235353
2 0.8964477551573428 0.814221345174978 0.20710448968531453 0.21545141832631992
0 0.7486913142892989 0.9325199334720804 0.17330609604505726 0.09333831614940138
0 0.4976533381745124 0.9089459910991433 0.15622785668871889 0.09430061542376222
0 0.6263200155104658 0.6648289472670784 0.15797602698730664 0.11930061542376222