0 0.6554424399298652 0.7705844245085898 0.10615236282348768 0.17523755357072232
0 0.617811800724758 0.8519338360348312 0.06079322402541774 0.0822863944801128
0 0.7314642341716875 0.06978162945928394 0.10980346834337489 0.11594437418757346
0 0.6159483283274888 0.07401338757695877 0.14439665665497756 0.12904439204448093
0 0.4851659326295598 0.05376729707460539 0.10470686525911965 0.09242505357072243
0 0.5197023940730758 0.24259401785361218 0.13293305113509035 0.18820120373287816
0 0.45184669236879244 0.20314000567874757 0.11223872158978562 0.16597164772652384
0 0.4805228916374438 0.32469740584090334 0.10212733603812651 0.12362050649282175
0 0.5907706448838548 0.3766065535674271 0.11810689204448081 0.14420574188232518
0 0.4651684472367612 0.5189013733734993 0.12701033360249453 0.2068421095770768
0 0.45095416842280506 0.3757280718313717 0.0783898271096728 0.1060239034085666
0 0.3930774387153445 0.3262950876596843 0.1426898806803952 0.21023984496658024
0 0.3561717280826075 0.2701990462638265 0.11911601298564349 0.20201824188232517
0 0.3158761903401976 0.10938823132901834 0.118270533278183 0.15358074188232518
0 0.22304380803494933 0.11557795576147312 0.12581029788867956 0.1380921095770769
0 0.27228192329406903 0.20703479869945846 0.15680692775829588 0.2136103068171334
0 0.22814613960884897 0.2289137528393738 0.05961255357072241 0.10413412094116259
0 0.17020122605401258 0.17557451866768636 0.07817163879807003 0.09352390340856664
0 0.3742610292176979 0.4563956448838547 0.11139324188232518 0.11753414772652385
0 0.3123280450460105 0.39830072686479145 0.10884098620028233 0.15029210064862317
0 0.3988264269442217 0.5661661111986346 0.10725121266133204 0.1487023271096728
0 0.29169181127806487 0.647864350241586 0.09752165665497756 0.1282261858759707
0 0.6740977934244528 0.1390713717486462 0.08946369480442443 0.11402731818121903
0 0.19609729869945847 0.27209100852141666 0.08869212743398433 0.15931254464226868