3 0.67109375 0.33515625 0.1328125 0.2546875
3 0.1296875 0.7 0.06875 0.278125
3 0.21875 0.2546875 0.14375 0.3078125
0 0.30546875 0.621875 0.0859375 0.14375
2 0.52578125 0.87265625 0.1703125 0.2546875
0 0.8953125 0.06484375 0.071875 0.1296875
1 0.478125 0.11875 0.16875 0.2375
2 0.34296875 0.309375 0.1671875 0.31875
1 0.57890625 0.115625 0.1 0.23125
3 0.50078125 0.3125 0.165625 0.278125
0 0.2265625 0.653125 0.071875 0.1375
0 0.18046875 0.79921875 0.0875 0.175
0 0.9359375 0.4578125 0.0640625 0.16875