1 0.7084756015698135 0.6931652991995818 0.47946825075630456 0.26091270791749926
0 0.20300149773108606 0.6827413153631013 0.22491215471124743 0.1516772430727773
0 0.817072885517611 0.10685594378022989 0.21272922896477803 0.08849373788898109
0 0.6328193097514712 0.471174139067545 0.19242743664223277 0.15349402130083298
2 0.20691954734309853 0.9333490336946758 0.35056771857321795 0.13330193261064843
3 0.5307369117486129 0.18870480871870265 0.3543918411013786 0.22667582601351785
3 0.522020023457885 0.9353441245525227 0.28189412822814397 0.1293117508949546
3 0.35365524170212675 0.12447833897300857 0.23934599530842302 0.2026341503300922
0 0.8860489445127774 0.750360518945276 0.14049359604505723 0.09925628916129589
0 0.8623111597318006 0.8088080059857854 0.1605875747577336 0.09790840263916642
0 0.23403334042194857 0.8010025912820827 0.22211493664223267 0.15609134099925903