1 0.3484375 0.7140625 0.1375 0.35859375
1 0.26328125 0.33671875 0.17421875 0.33203125
0 0.0609375 0.5 0.0671875 0.1171875
0 0.16015625 0.21796875 0.0546875 0.125
3 0.8546875 0.75 0.10625 0.22421875
3 0.50390625 0.309375 0.246875 0.1796875
3 0.2234375 0.6984375 0.10859375 0.15234375
3 0.475 0.74453125 0.0875 0.35859375
3 0.71640625 0.7734375 0.20625 0.196875
3 0.28828125 0.94453125 0.134375 0.1109375
3 0.20078125 0.8203125 0.11796875 0.11328125
1 0.75546875 0.09140625 0.178125 0.1828125
1 0.62421875 0.909375 0.14921875 0.18125
0 0.7265625 0.94140625 0.05703125 0.1171875
0 0.76484375 0.97109375 0.05390625 0.0578125