1 0.46219289254459656 0.8716896583442656 0.1976578920273624 0.21293815770898128
0 0.6466224365452329 0.8562635374669874 0.0782170013526354 0.14664675782192083
0 0.33302301320818756 0.9018538424321931 0.08281359468490823 0.13910727360693614
0 0.27770880454332386 0.8918032792215438 0.04807496801399935 0.10585515785015538
1 0.4267019299013682 0.7012175346243901 0.142915848026726 0.2050654735504665
0 0.8705866478755967 0.8650792824170772 0.08448518268618095 0.14857327886860788
0 0.30972515726450317 0.4886481871422864 0.10463405068427196 0.1356938472703419
3 0.47698811931095564 0.13695063729757825 0.1215306493475449 0.11169490514873237
0 0.9097513345799131 0.5856424113986246 0.085484061346272 0.10022678413027979
0 0.2164365919000955 0.7228327423192538 0.19286130402608972 0.20329014192396572
2 0.3320846993157281 0.12340813694464241 0.23895560136854382 0.24681627388928482
1 0.9182023706238202 0.2619318956136091 0.13944540268936265 0.17519596302712276