3 0.72734375 0.59453125 0.08671875 0.3203125
3 0.6515625 0.9171875 0.0703125 0.16484375
3 0.79140625 0.89609375 0.23359375 0.18671875
3 0.58203125 0.30234375 0.17734375 0.1359375
0 0.5984375 0.08671875 0.0875 0.13515625
2 0.46875 0.11953125 0.178125 0.2390625
1 0.5 0.42890625 0.17421875 0.27109375
1 0.3046875 0.2859375 0.20859375 0.296875
0 0.8359375 0.24453125 0.159375 0.28046875
1 0.4375 0.8546875 0.15546875 0.290625
3 0.82421875 0.534375 0.10078125 0.2390625
3 0.90390625 0.109375 0.0828125 0.21796875
3 0.43203125 0.6640625 0.20234375 0.24609375
3 0.1859375 0.3671875 0.0765625 0.15