0 0.4845364728821114 0.06933651460059395 0.09805706677218957 0.041752242679817586
0 0.4717469678675464 0.025750146602502955 0.104397994985435 0.04494996801399935
1 0.9029538522698555 0.10273607654364203 0.19104620031656908 0.12405676002545336
0 0.8020024883880245 0.5123661625557323 0.10145485141192587 0.05116360534690845
2 0.8083457651102017 0.5896099152212324 0.24052937476889086 0.16055788136536223
0 0.9709654370552411 0.5299247378660515 0.028562920691398118 0.06905908267027243
0 0.9556142555432903 0.8159440538670062 0.042125315518548236 0.0520352146721816
1 0.39086378226546764 0.8998330839433664 0.3098871285298145 0.12856354137490697
1 0.1129245826738143 0.5884437873170008 0.2258491653476286 0.1668624253659985
2 0.41287310688870915 0.3044660399427299 0.1974780567430599 0.13037948535963517
0 0.513588509237707 0.3860785719287306 0.13021634890464337 0.0733658693507265
3 0.4677100564138555 0.4865785586012302 0.20959762351524952 0.17113175469445316