3 0.6256683011069099 0.5571123475971748 0.19329405585660825 0.21599402130083298
0 0.7898292983933765 0.49915145904879477 0.11993844301173802 0.21113157257314796
0 0.694723674805914 0.8508910333653692 0.09922315128862387 0.1719911601320369
0 0.697938285275935 0.9704360964658789 0.11831398801421251 0.059127807068242076
2 0.38342549016191896 0.41615799104652706 0.3507324988683463 0.430406418756203
1 0.4106143526681049 0.1930130169655085 0.25872870533620984 0.3368136606976847
2 0.23776335085908262 0.12967510395874954 0.22865170171816523 0.2377514441095366
1 0.32096419097557305 0.6043326428372217 0.1875973337849123 0.3150371140435183
0 0.27037545002068464 0.8409837508484717 0.0642882293077851 0.09894463939685175
1 0.5068352504502259 0.8924587764846293 0.1723950576656305 0.21508244703074136
0 0.06328664631178295 0.8959666108859722 0.03649742198083883 0.07318322177194432
3 0.6325788788989284 0.8827802715836569 0.15528280076822548 0.23443945683268624