1 0.4010814165970393 0.5052447673854067 0.20068456859647235 0.3350124413589988
0 0.9318874724948218 0.5434394894573125 0.07642363466105592 0.17581816000954512
0 0.9814583642426358 0.24101447079881208 0.026984140651505582 0.10183522000318171
0 0.9352033792187602 0.05695709679340325 0.07665675843752026 0.0930420226766359
0 0.5663442518140986 0.04954130207667829 0.0920635036281972 0.08697383601209036
3 0.36363843638248716 0.3275373907144978 0.11999507458692209 0.26066587468172653
1 0.5616344814804964 0.42901971674090567 0.17922623084752445 0.301963584022908
3 0.24583589980681633 0.6440061806969986 0.13538197241000383 0.2093033693507264
0 0.07593750662342195 0.05008236334340863 0.06251984736759483 0.04602157200827235
0 0.5217709172300115 0.6292555267345423 0.12960319836338668 0.17799882535009015
3 0.7174852105139223 0.6877600120941775 0.12057542794496676 0.23255905601527188