1 0.4758977456540127 0.5249616749222173 0.4007540012659444 0.25215815827653537
1 0.8881373731434925 0.1898410121814552 0.21554069836338668 0.1802171542193456
0 0.9115971434770944 0.5688875840161222 0.1349057680561671 0.1069784772718286
0 0.8096526644436688 0.8275416095836675 0.2519494243167696 0.14962171915415387
0 0.15089522333667615 0.8437249062512358 0.18000001324684392 0.10151940990138826
0 0.40370276480648837 0.8260389797107557 0.16577382213985134 0.0965864480508352
0 0.07520706996685772 0.39541586566615683 0.15041413993371544 0.10431712743398425
3 0.03275790318055935 0.543808501217816 0.0655158063611187 0.09988299756436803
0 0.03401037913394224 0.5984550909093904 0.06802075826788448 0.08433981818121908
2 0.02499747768266341 0.6782789586041422 0.04999495536532682 0.10594208279171564
3 0.08244538993371543 0.7381937008935044 0.16489077986743086 0.0986125982129911
0 0.5201338405745368 0.6444286952147569 0.15850695916315977 0.11207508035608367
2 0.14672362242570225 0.6501658210238881 0.2678670901960187 0.20299218100470676
0 0.19749992714235848 0.537628864855378 0.20743553248413762 0.12698306006354426
0 0.10374750417635123 0.11452437581242654 0.14515378729346104 0.13214211850553062