0 0.415625 0.25858239960471185 0.0796875 0.1718287683452643
0 0.478125 0.1942538600715858 0.05 0.07947466837349917
0 0.11640625 0.9091236419945528 0.0859375 0.15344278939195172
0 0.23203125 0.9315905407073697 0.11875 0.1368189185852607
0 0.35546875 0.971968399851767 0.0875 0.05606320029646596
0 0.38359375 0.798904291740439 0.10625 0.18431335779368574
0 0.43671875 0.8590297206372817 0.090625 0.1599658051769673
0 0.44609375 0.7353570022073128 0.0875 0.11603379465362344
0 0.35625 0.6496554496611816 0.1 0.13863683674699842
0 0.52265625 0.5577850100292335 0.096875 0.2025173262236546
0 0.49140625 0.6973711547957965 0.0625 0.10051521046687384
0 0.53125 0.7621917889684287 0.1125 0.20498987884037306
0 0.55 0.827346352108491 0.0875 0.19728379465362372
0 0.53828125 0.9580378260824803 0.0953125 0.08392434783503937
0 0.6328125 0.9762564760401279 0.10625 0.04748704791974419
0 0.6125 0.9054700510542453 0.125 0.18905989789150937
0 0.6609375 0.9095889756871923 0.04375 0.10254814732681154
0 0.7015625 0.9663501259977757 0.065625 0.06729974800444864
0 0.58984375 0.646854486281123 0.096875 0.1118923262236546
0 0.6328125 0.7220133809770989 0.0875 0.14572129465362343
0 0.60078125 0.535772773112826 0.0859375 0.1440677893919517
0 0.7296875 0.49406195720075347 0.0796875 0.1249537683452644
0 0.2015625 0.8445521787556686 0.075 0.11061825256024856
0 0.70546875 0.8785888756448397 0.0640625 0.15685621572854558