1 0.7948926689381965 0.5629884557345146 0.3256957629424182 0.23383601823611144
2 0.6262013950489116 0.34314481515756995 0.29162459983059075 0.1846711664125002
3 0.5842406791791916 0.2576787874221533 0.23024748407380996 0.14891419794763908
3 0.40055811098921906 0.4967016537790629 0.3088876945406841 0.21315984232430582
2 0.06983581591207245 0.3713314457634376 0.1396716318241449 0.22703789152687515
1 0.822648858711319 0.878905049674341 0.2629689788121382 0.14811541736243078
0 0.6394407875375746 0.7471244535503131 0.1914734104104042 0.12616637575930573
1 0.14054388708581675 0.618498692913646 0.2810877741716335 0.21185191546256962
0 0.07483136995008965 0.5060519378796529 0.1496627399001793 0.11482883225631965
0 0.33603839760916043 0.26128952422003504 0.1501203683170294 0.1127208183886113
1 0.05852528853535034 0.8641190110179167 0.11705057707070068 0.13873780452090295
3 0.24623463203590643 0.4868512622521878 0.2371036998023559 0.21304943313000013
0 0.44183888950489114 0.043140895895278156 0.14757222099021766 0.06897081838861123