0 0.3296875 0.35390625 0.08828125 0.11796875
2 0.2890625 0.11015625 0.17421875 0.21796875
1 0.159375 0.3453125 0.09140625 0.21796875
1 0.15390625 0.18203125 0.1125 0.153125
2 0.5484375 0.0484375 0.10390625 0.096875
2 0.38828125 0.115625 0.09609375 0.1453125
2 0.7859375 0.80859375 0.1328125 0.1703125
3 0.36640625 0.746875 0.16171875 0.25390625
3 0.51484375 0.84765625 0.13984375 0.2
1 0.4140625 0.92578125 0.08671875 0.14765625
0 0.05 0.87578125 0.04609375 0.11328125
0 0.053125 0.50078125 0.05859375 0.12109375
0 0.0671875 0.9734375 0.0390625 0.053125