2 0.5308975703356503 0.1560452934038604 0.1555451406713006 0.30154541335136276
1 0.7650729220139019 0.9035999040419981 0.17140509378086718 0.1928001919160039
0 0.3264398263589349 0.4245209313733163 0.11709610207923689 0.18557496801399936
0 0.3300678535291294 0.09126353604390706 0.1320107070582587 0.1763817813494538
0 0.4428512734452168 0.055108954726269976 0.12007754689043355 0.10130905601527203
3 0.6745543271841277 0.23889525075585955 0.1833382539486923 0.2768908586887263
1 0.6953968556037218 0.09161171809354116 0.20414581618646538 0.1600488040260897
0 0.4568367987645333 0.38388793539145183 0.11432629958972598 0.19022610534690845
3 0.24010881081110264 0.9230755153564536 0.130258030293694 0.13264996268299925
3 0.9426496105897101 0.7948838107892671 0.11470077882057979 0.14386018268618095
0 0.9353378778227608 0.8991622307844945 0.0839983369323896 0.11962270401018138