1 0.21531399482512986 0.48880144251362073 0.37355958963168223 0.2244778850272414
1 0.4982672821677937 0.43191585752465134 0.33620129958972594 0.20405406906380671
1 0.2829210890069823 0.12761569354707797 0.2847805095477696 0.18297528163641918
3 0.34818141993930934 0.9169329046719487 0.2937052236549982 0.15692220388616035
3 0.5831106817621641 0.8118794933804623 0.31193500539858476 0.19202494995721864
3 0.8962274950256225 0.4808886284077036 0.20754500994875508 0.10012424028009033
0 0.9322106939860042 0.31179618010311466 0.1355786120279916 0.1226841368892682
0 0.8495644759533052 0.835188676588458 0.14209425684847724 0.08758139081820956
3 0.9333319649440321 0.5863231451569266 0.1333360701119357 0.07831770678164425
3 0.8776327056083663 0.6507088227833511 0.24473458878326754 0.14740165467194846
0 0.810165476153798 0.5515392686067406 0.19240283278320475 0.13507712903138547
0 0.11495049377622268 0.01703129631872759 0.11740098755244537 0.028822820925833447