3 0.0961329216158348 0.5697093275747511 0.18241064937949703 0.26590200956072396
1 0.3941191629068532 0.9644198527131789 0.19018238229073817 0.07116029457364234
1 0.3172935531151502 0.7967781770487272 0.18642821113712182 0.35037713911037327
0 0.32660768329431733 0.5304720565983766 0.11084187476889085 0.16462130937615385
3 0.6185341411992408 0.9399134581256929 0.19347251834239998 0.12017308374861421
3 0.8352395710618389 0.8307523727574774 0.1678193004748536 0.19322597316352946
3 0.741253890341311 0.8059445350036935 0.15207462852981452 0.13451230721668556
0 0.8366155176174843 0.6758646136581786 0.08640416442319179 0.1287443661314139
1 0.5926321854058884 0.722063283462534 0.2548432420159342 0.396870209745294
0 0.6459380079840658 0.42335447562753953 0.10302937476889085 0.16412066162790725
3 0.37565556637647834 0.13600016578996038 0.25493886724704334 0.2393580983942421
0 0.7958467989585151 0.9471993931155428 0.10107441818411544 0.09693316162790708
2 0.4790637789002553 0.7515727058877828 0.17478000580598785 0.27165136181247734
2 0.5527048335317442 0.4533843321982296 0.23087689311129084 0.32359339605020365