0 0.07876720564399255 0.6031114993753001 0.09048214247680567 0.13475535352912935
0 0.02542372653927069 0.389641917841495 0.05084745307854138 0.12253877344521671
0 0.039282285525485794 0.8395468294592126 0.07856457105097159 0.18740675684847724
0 0.4735094758768742 0.93272076347324 0.10606946846486114 0.06730774440092233
0 0.3510175332475687 0.9014492979161188 0.06915134992375008 0.08946616431700996
0 0.6861114994313191 0.34262486927745434 0.06562761284152785 0.13911096680652096
1 0.7581385018998611 0.0266923852611049 0.12591049620027786 0.0533847705222098
2 0.8319377181805206 0.10209420434735535 0.1370324469977085 0.2041884086947107
0 0.46223889475791646 0.3112368497809298 0.1055252610179167 0.11093934523075957
2 0.2796770486338884 0.5153593551795146 0.1642508700597225 0.3555899170163023
0 0.45610572996093685 0.8427945031002777 0.1534185535709724 0.15824132033565022
2 0.4826033333031593 0.4414921122284844 0.2085437710859029 0.24820439212119308