1 0.315625 0.51796875 0.1859375 0.3
0 0.5640625 0.90078125 0.0578125 0.15625
0 0.25234375 0.1859375 0.065625 0.11015625
3 0.1 0.51328125 0.109375 0.13671875
0 0.84375 0.0546875 0.08359375 0.10859375
0 0.0546875 0.59453125 0.0984375 0.12734375
3 0.13359375 0.31171875 0.06796875 0.2265625
3 0.79453125 0.175 0.1359375 0.30859375
0 0.6078125 0.63671875 0.04609375 0.09609375
0 0.06875 0.22890625 0.07265625 0.1265625
0 0.31875 0.7609375 0.09765625 0.18359375
0 0.25625 0.72265625 0.084375 0.12578125
0 0.13515625 0.97421875 0.06015625 0.0515625