2 0.43061295650609155 0.2926809962869849 0.3711087461424887 0.2686359604291043
0 0.531200846696199 0.44498505155179524 0.23529475478036196 0.09552086424263581
3 0.3751397023440385 0.022442940474020383 0.2784044046880769 0.04488588094804077
0 0.6053767173034332 0.07516857015611679 0.1272214389258032 0.11201390507947588
1 0.9340273974390921 0.2637374745178025 0.13194520512181568 0.1800198606144387
3 0.7496273650516798 0.07796120954167804 0.20404475478036196 0.09442959019601868
0 0.7995560302233313 0.6493724180718659 0.21129605027685514 0.11027284500534211
0 0.5171125724806221 0.7383183893007432 0.1499184592838688 0.07694942431676957
0 0.09005090838870475 0.15893600118112636 0.15344397748246605 0.08330855172143128
3 0.8423479002122567 0.4740524703414513 0.2018185255998528 0.22998514427970274
2 0.259672993521595 0.11777774392473221 0.20724890036914018 0.1444295901960187