0 0.2572259175698247 0.6026272026973167 0.16322369629109834 0.0752919960216353
0 0.18338894787297805 0.549456202020999 0.07589411465389251 0.04772952267663584
0 0.9349061030067892 0.816795173456358 0.1301877939864216 0.08303177068745349
0 0.7624445205766139 0.989637401376498 0.1511464201718166 0.02072519724700399
0 0.9361543424913397 0.7036684647914943 0.12769131501732076 0.11906017735518085
0 0.9607139292169281 0.5821116381285395 0.07857214156614382 0.08717383068109026
0 0.778121593734535 0.5751151087682681 0.17390889077317429 0.10040108402290801
0 0.822788962572299 0.5186383894414041 0.1512969063770065 0.08608404535327167
0 0.7027630676152532 0.5227071767584048 0.10894563206674715 0.0824681493475449
0 0.642174127655733 0.6180373107494962 0.13139384215265543 0.09366018801718105
0 0.5188107914959714 0.4690356420671333 0.19381195499752552 0.09282494135899881
0 0.6577880823145743 0.4839259400859051 0.0967798247398008 0.05890338001272681
0 0.7100599112382466 0.4384685367599957 0.1945489393936933 0.10688744135899882
0 0.7681247167561707 0.41415942743472256 0.18863313206674714 0.0833953973583625
0 0.927049337402957 0.407420173456358 0.1406869549975255 0.09220677601845365
0 0.9347783313542923 0.3162139181253579 0.1304433372914154 0.10468859468490824
0 0.8379591819304615 0.3462639501113585 0.19684842378986112 0.12096812269254427
0 0.820699760854134 0.2999974774426768 0.0974415660333734 0.04173406134627218
0 0.877659089777806 0.2545946181174037 0.08608798620519025 0.06346361067790855
0 0.5883177080497433 0.3948901647437692 0.10483134215265544 0.09335110534690845
0 0.649841706240721 0.34719809941913243 0.13863313206674696 0.08281359468490823
0 0.4799286759375677 0.3975328120623608 0.1354262449116174 0.08121473201781741
0 0.41198650214770655 0.2780646493873157 0.11643058344622811 0.07630905601527198
0 0.8619244629109835 0.7439565627784493 0.10368492198083885 0.07147610534690844
0 0.782756025553455 0.26129805677113155 0.1514673247398008 0.059539726686817215