1 0.271875 0.5765625 0.1609375 0.28125
1 0.16484375 0.76875 0.1609375 0.2671875
3 0.2078125 0.67421875 0.1375 0.2375
1 0.5328125 0.653125 0.1734375 0.3125
1 0.61796875 0.75390625 0.1578125 0.2671875
1 0.68515625 0.578125 0.15 0.309375
1 0.725 0.11953125 0.140625 0.2390625
0 0.8953125 0.1390625 0.065625 0.115625
0 0.86953125 0.05390625 0.0484375 0.1078125
0 0.83359375 0.95703125 0.0359375 0.0859375
0 0.665625 0.26484375 0.059375 0.1578125
2 0.803125 0.31171875 0.159375 0.3125
0 0.34921875 0.2 0.0515625 0.1109375
3 0.1828125 0.109375 0.090625 0.21875
3 0.0140625 0.9515625 0.0203125 0.096875