1 0.7875 0.48984375 0.1328125 0.3453125
1 0.2625 0.04375 0.146875 0.0875
1 0.2265625 0.90625 0.140625 0.1875
1 0.0859375 0.90390625 0.1328125 0.190625
1 0.40859375 0.065625 0.165625 0.13125
2 0.90625 0.58828125 0.125 0.3015625
0 0.7125 0.5984375 0.0875 0.209375
0 0.809375 0.8046875 0.0765625 0.109375
0 0.39375 0.9703125 0.065625 0.059375
0 0.17421875 0.6375 0.0765625 0.1734375
0 0.56875 0.48125 0.0875 0.1515625
3 0.5171875 0.73359375 0.0859375 0.33125
3 0.61328125 0.6484375 0.125 0.3875
0 0.89765625 0.10234375 0.078125 0.14375
0 0.17421875 0.190625 0.109375 0.2921875
3 0.6453125 0.89453125 0.0765625 0.209375