1 0.73828125 0.2546875 0.19140625 0.3484375
0 0.8125 0.60390625 0.06015625 0.159375
0 0.909375 0.61484375 0.121875 0.21328125
0 0.9265625 0.43515625 0.05703125 0.128125
0 0.46484375 0.846875 0.05 0.15703125
3 0.3703125 0.875 0.16484375 0.25
2 0.16640625 0.88046875 0.16953125 0.2390625
3 0.17421875 0.59140625 0.146875 0.190625
3 0.19765625 0.41484375 0.17109375 0.25
1 0.57421875 0.79921875 0.1765625 0.2625
0 0.36015625 0.19921875 0.09375 0.14765625
0 0.7890625 0.921875 0.1265625 0.15546875
2 0.790625 0.796875 0.140625 0.19375