1 0.872398837601561 0.6383872507764587 0.2508595800155174 0.42514973137238704
1 0.4564703039718981 0.8415842003670534 0.2721929618284092 0.286435841867496
1 0.6511618242656414 0.5821959768871741 0.21728206334561798 0.3376651419239655
2 0.33000597758022465 0.10972855666885313 0.28073904334173855 0.21945711333770626
0 0.4029162875918627 0.40669326087627955 0.15261404334173853 0.231263952503779
0 0.6854903162205559 0.18535950326612044 0.10628143515657004 0.13992632096198282
0 0.5939730116689296 0.04468535551578566 0.1254460233378591 0.08937071103157132
3 0.7058348960668953 0.12687216907937088 0.18051590273485515 0.2111180524755442
0 0.20152835714639838 0.6609767554028462 0.10717425546001183 0.15086382096198286
0 0.29768484852158456 0.9638672659967771 0.102263872729036 0.05260833148532669
0 0.4920725773097573 0.9603951135494679 0.06973841515269079 0.035163226251889765
0 0.5980516392782492 0.9220389978632741 0.16715529121570682 0.10459503669052879