2 0.7172486506331384 0.268549202709374 0.24972984468150122 0.42860618275429
3 0.5272243588672663 0.47029520806685154 0.27568928793844133 0.30151789309857635
3 0.4874642107414104 0.203551652169069 0.2750360700708949 0.3327133293962454
3 0.7135365612288993 0.8782267260382008 0.2092459340192331 0.2435465479235983
0 0.513582025335522 0.8865824069783924 0.12531355172849495 0.17607640507947586
1 0.08378922525637976 0.8411359206885726 0.12329641066226811 0.1603968413771451
1 0.22401942016267257 0.8593006220471843 0.2171206185006847 0.21986609981466562
0 0.07244123363615698 0.6120659795815799 0.11487615690134442 0.19288195916315978
1 0.42394756083318796 0.7297024352013608 0.2981386009497074 0.3756647212288776
0 0.670409439891728 0.08038451459760629 0.11959709765100221 0.0869047776748142
3 0.1259252494712746 0.7871949543538366 0.1639334340192331 0.26951887023308563