2 0.77753177351729 0.6817501967048167 0.33456086499257687 0.2942734319506556
1 0.30934169549812884 0.7190659823189728 0.41654784938874456 0.31401748542106594
1 0.8252378960308991 0.444769002773117 0.34952420793820166 0.2754905809619199
1 0.8307597563315781 0.22700234856607265 0.269610894391219 0.21344976684784803
0 0.9302042356393632 0.3273626175076076 0.1043400192218769 0.08980518119435103
0 0.9727679932719372 0.4140156655301362 0.05446401345612557 0.12290190445914587
3 0.9193154025318193 0.9410880838119116 0.1613691949363613 0.1178238323761768
3 0.9183526888278664 0.7619889897836668 0.16329462234426728 0.18956451659574647
2 0.4109805178630805 0.916821149263366 0.35472952283992143 0.1663577014732681
1 0.6671143311829206 0.9083307601010213 0.3285764586155702 0.18333847979795728
0 0.5129990462456698 0.1938849379027404 0.1375619549975257 0.09991215471124751
3 0.2528383107178483 0.5617726523654589 0.2887836182719371 0.16341691585911242
3 0.04834116123824664 0.43227155062041867 0.058031585255250394 0.1270431012408373
3 0.10541891960598963 0.2292118886197041 0.19462418249628843 0.14904877723940818
3 0.6749091417892272 0.8177973213266645 0.3782555540475858 0.1774572725478311