3 0.2366357130617785 0.9362471915580137 0.19288870373287823 0.12750561688397255
3 0.15519697807931215 0.747794392044481 0.2741580689919979 0.22503082223840884
2 0.3981151351413268 0.7043928141207341 0.33885576866768635 0.17305131087432316
2 0.539324336438573 0.919292885548364 0.30862279788867947 0.14128311363426677
0 0.9044699961430336 0.47822319520487094 0.19106000771393283 0.08315123944669303
0 0.9525830779204517 0.5321800381428563 0.09483384415909661 0.08305005357072233
2 0.8738483774339845 0.17301749796481453 0.23395008035608375 0.1587239837646503
1 0.1648160710205928 0.31450065097293467 0.32199555113509043 0.19150130194586934
1 0.05081998051823944 0.18208184293798538 0.09727619480442448 0.11416368587597074
0 0.03966566111590912 0.6169108104705814 0.05295345048646734 0.08058752678536116
2 0.9065324180190633 0.07674251582172201 0.15021028003177223 0.10415348620028231
3 0.5178254374942333 0.8509695795420095 0.1888091298696164 0.07827282467404081