0 0.5008477148309352 0.925588932092376 0.15599001482874755 0.07923101564384112
0 0.3190737217881985 0.5090671029555369 0.1472516847906915 0.09430998407381015
1 0.8257693907615593 0.4686438981738578 0.31217103064607843 0.16314953128768242
1 0.66765443771926 0.25572521117274566 0.18930653361182798 0.17002261561560633
1 0.3787232247911291 0.09718945825956105 0.2672750247145793 0.13247638396087064
0 0.4751472386312935 0.027990314667241657 0.142726010874415 0.05598062933448331
0 0.5647774940313199 0.38953804002723624 0.17607702174882983 0.11313557878390341
0 0.6662007311797387 0.44442369012605826 0.18465352570316257 0.13234060509226264
3 0.5380942717116488 0.26015364789150913 0.19571304250907656 0.21248313140062186
2 0.23833966943047127 0.3672428949783245 0.19871602570316255 0.13315965244730926
0 0.18036132064651592 0.04950863438439366 0.07196784190105418 0.0447202367752332
0 0.15850356669218324 0.06948720541696361 0.07958934091247097 0.040487763083592455
3 0.4303335794694024 0.7816106899142967 0.14227502471457942 0.12519596302712266