1 0.6360651485340074 0.7234375 0.20163996103647897 0.3625
1 0.07950941111590912 0.61640625 0.12335131980277683 0.353125
1 0.7371578644417502 0.9203125 0.16371940097293472 0.159375
2 0.10510628571381497 0.06875 0.12583757142762994 0.1375
0 0.2666570348997408 0.4171875 0.08559440097293472 0.159375
0 0.13258341273746693 0.88203125 0.08847393912238162 0.1453125
0 0.03907887458801998 0.89609375 0.04968417451188502 0.1609375
0 0.23500898335431794 0.88671875 0.08381371266133195 0.146875
0 0.7585172524323367 0.3984375 0.09077282467404083 0.1875
0 0.13280636606989862 0.2234375 0.06040348620028228 0.1484375
0 0.34272207182807646 0.92578125 0.09932961850553061 0.140625
3 0.4814612435005877 0.8625 0.18115236282348768 0.1734375
3 0.782810320209814 0.17890625 0.13796719886161418 0.2953125
0 0.6636415344959989 0.11015625 0.1279728157455871 0.1703125
3 0.202198663144504 0.7078125 0.15820578652459388 0.2015625