0.0 0.3140625 0.15078125 0.084375 0.1984375
0.0 0.2078125 0.23046875 0.0625 0.128125
0.0 0.478125 0.065625 0.059375 0.11953125
0.0 0.6265625 0.12109375 0.08515625 0.1546875
0.0 0.54140625 0.31015625 0.0828125 0.1640625
0.0 0.54765625 0.42109375 0.06640625 0.11328125
0.0 0.5375 0.56953125 0.10546875 0.13671875
0.0 0.54921875 0.6515625 0.0921875 0.15703125
0.0 0.30625 0.825 0.0796875 0.0953125
0.0 0.73984375 0.62109375 0.08828125 0.128125
0.0 0.57109375 0.83984375 0.06171875 0.16015625
0.0 0.12734375 0.40859375 0.04140625 0.09375
0.0 0.615625 0.70390625 0.09765625 0.19296875
