2 0.728125 0.85390625 0.22890625 0.29140625
3 0.721875 0.6796875 0.12109375 0.19453125
0 0.78125 0.2390625 0.0703125 0.1046875
3 0.9078125 0.30859375 0.1734375 0.4203125
3 0.6734375 0.11171875 0.10390625 0.18671875
1 0.5828125 0.30859375 0.171875 0.328125
0 0.503125 0.23671875 0.07734375 0.14765625
0 0.43671875 0.1859375 0.0765625 0.1546875
0 0.315625 0.0921875 0.0734375 0.10390625
0 0.1828125 0.14375 0.06640625 0.15703125
3 0.634375 0.478125 0.15625 0.20546875
3 0.421875 0.4328125 0.0890625 0.171875
0 0.3859375 0.58359375 0.09609375 0.159375
1 0.27734375 0.653125 0.16171875 0.36484375
0 0.1484375 0.72578125 0.06875 0.13359375
3 0.33046875 0.87578125 0.13984375 0.09765625
1 0.4453125 0.928125 0.09765625 0.14375
3 0.98671875 0.95234375 0.0171875 0.0953125