2 0.3581666911793011 0.2616950554194647 0.3272017589344296 0.45190937220695976
3 0.5008900434604786 0.16537436538704342 0.13866454646340926 0.22635279238978612
3 0.082829815666419 0.4741395132345663 0.1637282134596036 0.22907968610347992
3 0.31857897327107326 0.5060465229544759 0.16430121642535306 0.24314218610347993
0 0.25036482555225076 0.41955040488134543 0.10837486859279988 0.17191784946188077
1 0.4599188976816414 0.46281444561850177 0.26984556228073997 0.3073203101724665
0 0.48773619707361904 0.6221509042621729 0.09820668973360754 0.11374147642635143
0 0.6608208700013126 0.5844581974805285 0.1278888725471326 0.19154114474715095
0 0.646203977188225 0.8666349966947404 0.13464820851668763 0.20433224317557466
3 0.1652325028913874 0.7673928995046619 0.2008170365775775 0.18246155128112634
1 0.1945950562376978 0.9079429708447802 0.12276102076024667 0.1039683701400449