1 0.3392688915249674 0.2442734639310955 0.20070034122540506 0.36213258706427265
1 0.4226861379011234 0.5741380263464244 0.2365744551604493 0.24888231456303558
1 0.6665151126064102 0.7833990824301752 0.27200177212991133 0.2445157191310198
0 0.595184309552596 0.15946361544686205 0.09948930121764618 0.1514606806872661
0 0.7627067783388292 0.10674697196015423 0.11438097758022465 0.1242364393936934
0 0.6726392430421761 0.2817237177762827 0.07512703000581915 0.15796298620519006
0 0.1725583342675811 0.6625675197877038 0.06900457576345351 0.15919793758467105
1 0.7544621674479005 0.5920570301916117 0.11654925546001174 0.15079893939369332
2 0.1477514580353873 0.1279911239261467 0.09333463819098756 0.24759869629109832
3 0.17955866486282662 0.3734707202626736 0.1398270009180839 0.24536781094499088
3 0.21940215698691884 0.44827264642738385 0.11632585697722053 0.20524077792830409
3 0.6322862125773152 0.027853925826026065 0.23019742515463032 0.05570785165205213
0 0.5631994386597279 0.5942347631174414 0.11495480455162621 0.1693851650834338