0 0.8973026574624612 0.7612090566081952 0.1076603157455871 0.17274912860909736
0 0.9926195170428332 0.8690417000349313 0.014760965914333467 0.16159211664125017
3 0.7780463226421507 0.5952184210652437 0.21809107548481954 0.3252584924005557
3 0.5830012349824664 0.20333612632798662 0.16899110227018105 0.3756572294827779
3 0.5170019082765354 0.4040615185204518 0.2200978603878557 0.26126872758291686
2 0.557248627430689 0.6517729731176046 0.35398548538620817 0.5049122376509031
1 0.29575815381230847 0.390321754368403 0.1965706314911741 0.345061846124028
3 0.15713025608578468 0.27776459014010435 0.123039853895034 0.1590503045209029
3 0.09662340421934557 0.2115388716752431 0.1905740016215578 0.2699527433504862
0 0.10302518303330166 0.3545985406531945 0.06772506249917618 0.12183993882958344
0 0.14726215259449246 0.4282548994106598 0.10358074188232518 0.11798889342673621
2 0.2495197223972693 0.7793796818957291 0.2639956850618965 0.44124063620854165
0 0.3533226067311125 0.8695923334905906 0.06923301542127547 0.11875130642076392
0 0.3952822357899499 0.8127799422480558 0.11232054220663672 0.171295731382639
1 0.39888670251176694 0.6613629126127781 0.20273881087432305 0.3405198164887501
0 0.7373750892845374 0.18896776785486175 0.131725107141445 0.2092321424768057
1 0.8128106550268293 0.8420213390932645 0.20189333116686256 0.29208231648875016
1 0.7066930685816656 0.8893317173243058 0.19918534253094827 0.22133656535138835