1 0.2030680839180267 0.7998240168470276 0.18464289133021294 0.2840894742194024
0 0.18732638429858756 0.950473051786308 0.09176568874502422 0.09905389642738385
3 0.7321123022833651 0.9557608355939348 0.1519683596955513 0.08847832881213051
1 0.06561709384103948 0.7894520036180447 0.13123418768207895 0.19405097241038013
3 0.31892914175014236 0.531091706240721 0.16640222729976806 0.29560682835784535
0 0.41729499897423583 0.4227236855485062 0.1035945266917457 0.1317213907731744
2 0.5027802183281573 0.5728265841235967 0.12721771049385405 0.2140359237898611
3 0.05384926429727499 0.33086489767057936 0.09293555239490825 0.2527775192218769
0 0.8385585508376714 0.5943385724764932 0.09482170456235509 0.18427318068726617
3 0.57395215315603 0.09427886024287843 0.08484452669174569 0.13073874491161736
0 0.08802924060845985 0.04923976141996073 0.0708165187830803 0.09258364767057933
0 0.5683044702681427 0.9459896879233554 0.09310269566510634 0.1080206241532892