0 0.7510574861920375 0.23788433056177755 0.1930062891612959 0.13648403469127163
0 0.8595623447689356 0.14843038454809637 0.14605337672018487 0.11720677601845368
0 0.4882915204523612 0.042167676639092176 0.1796669590952776 0.08433535327818435
0 0.2985065590480094 0.05818248062541098 0.11593664976444433 0.07627269334818113
0 0.05158144832669054 0.8119903753182733 0.10316289665338108 0.11073860001590825
0 0.1073425487268996 0.7534506219764556 0.14917837672018494 0.1172431386855445
3 0.42505489490995474 0.5296654872692758 0.3622634285581477 0.19776807471354338
1 0.4612438390194914 0.3122779926002758 0.32214556795499943 0.2566158160407254
0 0.6120346509422229 0.2925729252466858 0.12749886635259244 0.10138178134945379
3 0.008741430018750202 0.2974471646642274 0.017482860037500405 0.17385567067154523
2 0.09716079811476895 0.5681676499840916 0.1943215962295379 0.22616470003181668
0 0.4675561702632883 0.6415564125955033 0.23234219123481453 0.1400635680299077