0 0.5504572133800585 0.2664466494635375 0.09255006299888784 0.17201077886860802
0 0.490307939631948 0.1955279337349917 0.056112763083592296 0.08112817363517104
0 0.8234987271695229 0.9359261496047118 0.0977079998588258 0.12814770079057639
0 0.7067361613986246 0.9461209259836583 0.13108194198043535 0.10775814803268347
0 0.5800147667026488 0.9805039957713975 0.0929757262518894 0.038992008457205074
0 0.5601481296874191 0.8133895388978416 0.11827810509226264 0.18596686305535776
0 0.5044371850055608 0.8681533626318346 0.1013790314288567 0.16318181043863902
0 0.49999885593930865 0.7424708231692957 0.09561487884037305 0.11768729991529554
0 0.5938846348079168 0.664845623084591 0.10947995776545091 0.14185284200867015
0 0.4301322189240791 0.5557528021931954 0.11321117349399668 0.20591534200867018
0 0.45548999274277674 0.6991156653191403 0.0697958314853265 0.10216871572854576
0 0.41269627701423095 0.760903033777344 0.12892717875566856 0.20838789462538862
0 0.3916865560240133 0.8255269758989536 0.1020006577089811 0.20059080517696729
0 0.3956775640576954 0.9577879261248328 0.10471686305535766 0.08442414775033455
0 0.3017987614409769 0.9705462603821694 0.11383425782192055 0.05890747923566124
0 0.3257892692628975 0.900874649851767 0.14308068401734034 0.19825070029646596
0 0.27624429557125674 0.8964093523202523 0.051136836746998336 0.10263915258848363
0 0.23400431668853133 0.9582436814570915 0.07072129465362353 0.08351263708581698
0 0.3586296742704555 0.6393850785721419 0.10471686305535757 0.11354583148532651
0 0.3136819243410427 0.7112376917686738 0.09743498407381015 0.14893729991529553
0 0.3526820531108287 0.5261570364787671 0.0972529735504664 0.14581229991529537
0 0.2248979583301482 0.47246434712916774 0.08834841041040423 0.12660727360693613
0 0.7406477007905763 0.8772076571442838 0.08449536831702939 0.11392526308359266
0 0.23279740343552965 0.8617389497317687 0.07472552616718486 0.16007222099021767