1 0.10245609560593805 0.5260801473185917 0.2049121912118761 0.21346470536281678
2 0.23833347882111305 0.7469728079646835 0.2188074874635877 0.11188402402927125
2 0.33983849135752536 0.8551296586171386 0.24168269780928675 0.14651356269890775
0 0.47915029090794226 0.04314892130809207 0.21982441818411544 0.08629784261618414
0 0.07330345618906389 0.08427445532304592 0.0894094924781526 0.06664315467854491
0 0.4817511390211628 0.2724251519335031 0.20947795157021037 0.1133374360279987
3 0.5088555451310844 0.38769561592936685 0.23101798244902275 0.1557612933640895
0 0.057029935339381346 0.21410740599140948 0.0868300617576248 0.085356792011454
3 0.9206795952102265 0.35244517520691493 0.13990959765100186 0.08441245735199913
1 0.8484372191876947 0.5001110632161417 0.2781203029821362 0.16411923337045273
1 0.29521293078703487 0.4831188459580019 0.2502226235152496 0.17160446936663476
1 0.3234779862764534 0.3437745352880476 0.363950154394062 0.21510102538190684