0 0.5065014687698589 0.7282649884366912 0.11144767202418074 0.18513406847545255
0 0.5829281561107221 0.7788774552786991 0.06348179201145392 0.08838018198597304
0 0.07297551802195354 0.1571628554909559 0.10944882001909002 0.14753393892580316
0 0.18423973468331742 0.11094109269102943 0.13904541335136278 0.14162390036914027
0 0.3006636186744087 0.037806376467330344 0.0928965720082724 0.06684514342930994
0 0.3635465213637713 0.20108882403100684 0.13973630402608972 0.20099890036914028
0 0.40417097402131724 0.13124789096529982 0.12071358402290802 0.1763598457733484
0 0.4392010493714073 0.2525326056478394 0.10770450668363556 0.13180880937615386
0 0.36533738271799765 0.35499507403100683 0.12358404535327186 0.15468510487264703
0 0.5528470207272245 0.4109983428479129 0.13526698002863496 0.2194485117201923
0 0.4926805853755435 0.2795969509597625 0.08092383068109026 0.11135660703211539
0 0.5199965160327713 0.20826336906607468 0.14938402402927126 0.22503717766703613
0 0.5246652873567716 0.13916291564230207 0.12581925469445315 0.21259773442229637
0 0.4872369180060452 0.030713372148393682 0.11197383601209036 0.061426744296787364
0 0.5744641980028635 0.004572374307862015 0.11767839600572713 0.00914474861572403
0 0.569050539345954 0.0773485402547059 0.1631010786919079 0.1546970805094118
0 0.6204221353437267 0.0456037372785153 0.0637181493475449 0.0912074745570306
0 0.6456034013367271 0.005624932142856362 0.08183180267345413 0.011249864285712724
0 0.6024828467138614 0.30930663248431 0.11546246268299924 0.12762195712440044
0 0.6288902580362711 0.22708561536544689 0.1127192706874535 0.1602341980251018
0 0.6365771307288153 0.41736016194167436 0.11268290802036277 0.15710919802510187
0 0.775131100731997 0.4319361967977093 0.10308973201781732 0.13775842072720584
0 0.16955107336090786 0.19241113818752265 0.09511360001590834 0.1231952729789593
0 0.6707039460136812 0.07103977984496043 0.09407835868872638 0.14207955968992086