2 0.20027595760058 0.8236912157559754 0.2974098675844822 0.1723824315119507
1 0.39638041527803464 0.8964480688172538 0.3409741972858944 0.1487008906040085
0 0.23248180624352727 0.8940180876218722 0.13449496832111635 0.07252352084968265
0 0.14863741192383995 0.687307434877163 0.21161447921687962 0.14961486975432586
1 0.0873992631646772 0.7369831744523216 0.08017880891829185 0.12084134890464338
1 0.11468947477740417 0.40252325791755883 0.19135624556052452 0.2612965158351176
1 0.16247749271053297 0.20510034012915473 0.2589372294689812 0.22427990063313832
0 0.27020713728232176 0.48579406215333626 0.14467835149293878 0.12895537727617318
0 0.3796974797210827 0.3010817445232167 0.350949766847848 0.2690588547106311
1 0.4885593914696956 0.1631307666265404 0.558150261652068 0.3109521526782023
1 0.8282721014929388 0.14884592392359625 0.2991580378830701 0.19738243151195065
0 0.6651254254174932 0.7592509118494023 0.11033620248167449 0.10612563103709682
0 0.42987317029858774 0.03745716521461463 0.2316213405971755 0.05663775956691144
2 0.13406218765063888 0.43427336309040826 0.22074881461827506 0.23564329796757127