0 0.81484375 0.50390625 0.14140625 0.1546875
0 0.5609375 0.21953125 0.09140625 0.165625
1 0.35703125 0.2703125 0.18046875 0.24453125
3 0.15078125 0.15390625 0.109375 0.290625
2 0.18671875 0.8234375 0.16171875 0.353125
3 0.3734375 0.8609375 0.11015625 0.2515625
0 0.11484375 0.8015625 0.0296875 0.07421875
0 0.296875 0.52578125 0.04296875 0.11875
0 0.3546875 0.53984375 0.0765625 0.14375
0 0.94765625 0.896875 0.06015625 0.11484375
1 0.58984375 0.646875 0.16640625 0.271875
2 0.4234375 0.13046875 0.125 0.2609375