0 0.6041190534704102 0.12309682652244451 0.13111859604505724 0.09624085149293879
1 0.7394120612640804 0.07891477380833892 0.2694491225281608 0.07326180942249494
3 0.745289992710533 0.25191523123369197 0.21064184110137846 0.21064184110137862
0 0.8614777214232096 0.25693014918649126 0.21248856436617344 0.1703446230323638
0 0.8488952299731842 0.42164285920973443 0.17192926634364483 0.1239723675844822
0 0.9102922798372983 0.4684739365653581 0.17941544032540335 0.14737701659574648
2 0.7194915892597933 0.4833401938548251 0.2215793411013786 0.21140666560701077
1 0.7520305736724529 0.5929008641534128 0.25067697921687965 0.16057613912390706
0 0.445419576774546 0.6997364641337425 0.14649222376899793 0.11597419728589439
0 0.45014491762382314 0.8229008125245881 0.36737244234221594 0.2729118841802286
3 0.2848473355766224 0.914559526735205 0.29203395273377614 0.17088094652959002
3 0.09994318580905345 0.673246111884499 0.07497785668871888 0.0938699683211162