0 0.7800976746896808 0.11069954438050869 0.13068856802990753 0.22139908876101738
0 0.8719408240372257 0.20330330875519836 0.09387836401972649 0.15283769970043756
0 0.6257272533418178 0.03275768188293325 0.08086928668045382 0.0655153637658665
0 0.4657800886775904 0.06395157438632768 0.12218517735518084 0.12790314877265535
0 0.5150186620384982 0.24182251437468966 0.12247607869190791 0.19575852333785926
0 0.48584078672022474 0.35524715664856316 0.09369655068427178 0.13721269970043756
0 0.4649753980744512 0.5110028201342638 0.13782835868872634 0.17359648091420468
0 0.43624241808558695 0.5954574395293201 0.13023403469127165 0.1917087521260319
0 0.6490622334499946 0.807208785127475 0.10447041868236298 0.12404302000387943
3 0.6109724347946759 0.8939911790683384 0.10132723734881743 0.12222542848861018
0 0.24866914540895105 0.537261657566647 0.12049540802036274 0.15969347758022465
3 0.2749112827020893 0.23874453817159083 0.14104426535645348 0.1816640724294736
0 0.37591508744426766 0.7872780198347014 0.10049199069063519 0.18459788273097572
0 0.9180089440642698 0.3989507775414314 0.06369996801399935 0.10822683030538141
0 0.3577816107574504 0.6401797502898641 0.14315220536281686 0.2286666181871082
3 0.5506669027291335 0.4156427805855472 0.141353348026726 0.20822657242947362