1 0.4625 0.8796875 0.14921875 0.19140625
1 0.22734375 0.7015625 0.14140625 0.2890625
1 0.3703125 0.5421875 0.1421875 0.21640625
3 0.34609375 0.84140625 0.1296875 0.3171875
3 0.853125 0.15859375 0.0890625 0.2921875
1 0.83984375 0.85390625 0.16875 0.2921875
0 0.5671875 0.4171875 0.07109375 0.09375
1 0.57578125 0.25859375 0.1390625 0.23671875
0 0.2453125 0.96875 0.08046875 0.06171875
0 0.45859375 0.28203125 0.09296875 0.18515625
0 0.4984375 0.4578125 0.06171875 0.13671875
0 0.41640625 0.728125 0.05546875 0.1421875