1 0.5189402961809432 0.31985978486708616 0.1944483945717888 0.2913857070582586
3 0.5342107450563215 0.1492755203449391 0.17461722376899794 0.11891871120744354
0 0.40200988627391565 0.214637643370593 0.07672602698730664 0.11927206348717301
0 0.5747792948435608 0.7072064195151021 0.12692240496334897 0.21477474025173765
0 0.9996768439513701 0.6384763784474605 0.000646312097259738 0.12147318091374952
1 0.6497949923815568 0.8983353693006763 0.20901363912390725 0.20332926139864754
1 0.6681140316020091 0.7305982205547206 0.16620342625067258 0.22085971950581343
1 0.4148079871857767 0.9260441269743461 0.16336264951546742 0.1479117460513077
0 0.1595959633005632 0.932901760685312 0.09086493664223268 0.1341964786293758
0 0.2845256354407364 0.7349473755244537 0.07687884629715871 0.16591026514684692
0 0.26469337270338766 0.8958606421211932 0.05260011213660052 0.12987767676456485
0 0.2115312598104825 0.5467952574731771 0.07636539406758577 0.13634116431700996
0 0.3024840417414677 0.5583499093426326 0.10155106436617345 0.1631171518694554
0 0.14055820608797073 0.38754938942190076 0.06680472376899797 0.1107491684661949