0 0.42109375 0.27734375 0.10078125 0.17109375
3 0.4015625 0.56484375 0.1296875 0.16875
3 0.340625 0.21796875 0.165625 0.18984375
3 0.84375 0.7765625 0.11484375 0.23671875
3 0.47734375 0.0875 0.190625 0.17109375
3 0.59765625 0.42265625 0.1640625 0.146875
3 0.1296875 0.56640625 0.13828125 0.26796875
2 0.7859375 0.93984375 0.1484375 0.11796875
1 0.140625 0.28984375 0.121875 0.22578125
2 0.66171875 0.55546875 0.1078125 0.16171875
0 0.73828125 0.028125 0.0703125 0.05625
0 0.6203125 0.31171875 0.0890625 0.13515625
2 0.56015625 0.87109375 0.1109375 0.190625
3 0.35234375 0.07734375 0.175 0.15390625
3 0.70859375 0.78359375 0.16953125 0.1765625
3 0.57734375 0.61953125 0.13359375 0.26171875
3 0.79921875 0.06484375 0.1359375 0.1296875
3 0.12578125 0.81875 0.134375 0.2265625
3 0.2546875 0.84921875 0.07890625 0.24453125
3 0.88515625 0.94453125 0.1046875 0.1109375