1 0.29449055459089524 0.08704342920819567 0.33601889081820957 0.15706483497600673
1 0.33252774793308537 0.21250330659837666 0.32657542431665565 0.2218887985788122
1 0.8475662429706867 0.3254338170819513 0.2890026497095498 0.21792318938722843
0 0.5826882597199097 0.275549228866742 0.15080482878371626 0.09378717766703612
2 0.9062583846174658 0.49531432294204747 0.15502575599585597 0.1844121776670363
2 0.8082853033525502 0.6136254295127375 0.34005572745980867 0.21028996452565601
0 0.3818661985139859 0.6168589420081221 0.32620724317557437 0.1470890576781109
1 0.12396607713108646 0.6173050208194909 0.2479321542621729 0.20648504163898185
3 0.07043650868645238 0.7070696252307126 0.14087301737290475 0.08288925046142523
0 0.8454919350745318 0.9419797694259898 0.16860875889134022 0.07467623226282782
0 0.872486774611615 0.975001510252862 0.10607452564056316 0.04999697949427606