3 0.7364362905122308 0.1414166441725636 0.18095579796757127 0.21794820705825865
0 0.675988186988734 0.04192139387182462 0.0877848079967011 0.08384278774364924
0 0.6155818844023092 0.056517151445248125 0.09963159012915472 0.11303430289049625
2 0.4721441214701855 0.10901611202799177 0.11508675705962901 0.21803222405598355
0 0.5063777513201483 0.43947932633571296 0.07454066191590947 0.15064046265733605
0 0.4923570522572203 0.5730614209417727 0.1102963054894186 0.14711364357108572
1 0.4369350810244617 0.36133193816321213 0.20026339060400833 0.345694698759889
0 0.28095655100357914 0.5781670084988624 0.08604045157021041 0.11721265601864025
0 0.12587894292773574 0.7372487784195944 0.08101798244902274 0.15892655933798813
2 0.20949335728442056 0.1408105636876657 0.11223454169936505 0.2673077444009226
0 0.10680862648475045 0.16028445933334376 0.06856344655564542 0.159541865976684
2 0.9261242984962965 0.507452350806615 0.11328021615168674 0.3032452444009227
0 0.5431553034443546 0.11318859085786008 0.1571091210079672 0.20210971950581333