1 0.61640625 0.88359375 0.17109375 0.22578125
2 0.2578125 0.89296875 0.16015625 0.20390625
0 0.809375 0.69921875 0.07421875 0.08046875
1 0.43203125 0.6984375 0.1734375 0.1703125
2 0.690625 0.35625 0.1390625 0.2578125
0 0.14921875 0.50625 0.06484375 0.14921875
3 0.08046875 0.4328125 0.09296875 0.21015625
0 0.40390625 0.8390625 0.07265625 0.1515625
1 0.37890625 0.98046875 0.11796875 0.0359375
3 0.9796875 0.1703125 0.040625 0.20703125
0 0.96015625 0.0328125 0.03359375 0.065625
0 0.2359375 0.67109375 0.146875 0.24765625
3 0.33125 0.81328125 0.075 0.19140625
1 0.08671875 0.8484375 0.11796875 0.26484375
1 0.3625 0.2859375 0.12734375 0.26328125