1 0.6076469923036465 0.8353308883672712 0.18434516451263913 0.3293382232654576
1 0.9365616279435074 0.7912775527927669 0.1268767441129853 0.2469670013526354
1 0.3178954677023619 0.9042522426798175 0.210759581306389 0.1914955146403649
3 0.038016331590729494 0.39174260467059074 0.06672255983923644 0.38348520934118147
1 0.05117878675656319 0.8230289673376816 0.06276110524208363 0.3475113466740904
0 0.483819140861285 0.3844333753978152 0.06897212480937523 0.2116829346753632
0 0.2597094936348267 0.38651185403404387 0.08928331838861121 0.14474997334499945
2 0.46318390501333384 0.6052271333943153 0.2264235617390975 0.3322328866963623
1 0.7492344270491673 0.8147497734324954 0.13118379692145865 0.3342488253500903
0 0.6968932898906952 0.9466504700429524 0.086920731382639 0.10669905991409508
0 0.3461671383927431 0.0407368247135433 0.13125130642076394 0.06869655068427191
0 0.2505461670780903 0.05993117270049845 0.07416615824437507 0.09927384134309045
3 0.7075995201359724 0.2675384187619047 0.16003353590354194 0.23148745202099902
0 0.4570859074818758 0.9445147106938169 0.07300370174736112 0.11097057861236621