0 0.5515625 0.3140625 0.090625 0.1453125
3 0.7125 0.19921875 0.1546875 0.2625
2 0.790625 0.32890625 0.1640625 0.190625
1 0.2640625 0.07578125 0.14375 0.1515625
3 0.08359375 0.25703125 0.059375 0.18125
3 0.02421875 0.7765625 0.046875 0.225
0 0.29140625 0.62421875 0.04375 0.115625
0 0.28671875 0.3015625 0.075 0.1375
0 0.40234375 0.2609375 0.09375 0.1546875
0 0.52421875 0.48125 0.0875 0.153125
1 0.8890625 0.70859375 0.125 0.190625
1 0.84765625 0.87109375 0.1625 0.2171875
3 0.80546875 0.64453125 0.0734375 0.19375
0 0.8421875 0.10859375 0.0859375 0.2140625