1 0.43117102799171453 0.8100066242738743 0.3644123974553701 0.163249286598818
1 0.0310948836474076 0.2768557524811993 0.0621897672948152 0.1537115049623987
1 0.8786254115926393 0.25036637447876214 0.20191239745537004 0.15568072745980874
1 0.8838289043825928 0.1101951387467858 0.2073421912348145 0.1465968258882322
1 0.04936713854837995 0.4248587588913402 0.0987342770967599 0.1778425177826804
2 0.5241118007531499 0.928039474771467 0.31970549019805533 0.143921050457066
0 0.5443927808664366 0.7352677975570726 0.22240126324231468 0.10528262117350237
0 0.7474016207343996 0.8357173695163634 0.11947175287472192 0.0849272717116218
0 0.9344476016961583 0.41926623179852573 0.06369064458064813 0.06988016046291676
0 0.6121405406218985 0.19402636744944882 0.18380765494824053 0.09103603060296192
0 0.43397127365639 0.5897112408992629 0.16431536116879605 0.09946496071058561
3 0.6908651140900011 0.5404904526433059 0.34597546427907383 0.11259431513486522
3 0.6001533482557881 0.6358885357702484 0.40747889227157363 0.1574744755977818
0 0.05571293652173694 0.9170312963187275 0.11142587304347389 0.09121581306795079
0 0.16226767973592626 0.18954630521006774 0.3074009798304628 0.13413967535011287
3 0.8417844821860196 0.6714601244787621 0.21363185598499976 0.09398124813797323