0 0.7351046511045014 0.9089280940042215 0.12225168479069168 0.09285389988706072
0 0.8634935893552342 0.8138192623071336 0.14326452174882967 0.11122446828879466
0 0.8338272884803818 0.6578198912886811 0.1835075197716634 0.10421560509226264
3 0.518819053803421 0.5666440705384598 0.19239704152049342 0.20761362087727822
0 0.6471496422444339 0.5498422493647155 0.10748884783255334 0.07484735253201383
0 0.7094639584423256 0.6349144703549332 0.13963018577927463 0.09854245776545092
1 0.2910177059708677 0.6222893128577136 0.37852554250907644 0.22313074701622818
1 0.35398191547613855 0.42234949701622826 0.34829421444818676 0.24631064178279125
0 0.017391793954770217 0.4280185841867496 0.034783587909540434 0.10916216837349921
0 0.06161663783299074 0.3328194762518895 0.12323327566598148 0.118763952503779
0 0.7505955661978916 0.1251600387566672 0.20671952669174587 0.1383021787556685