0 0.8982714190441101 0.7275922104505717 0.11221729092165802 0.2229454631253363
0 0.9139087656939147 0.32732441268014456 0.11312502649368775 0.20430472376899794
0 0.9173834513586115 0.20365196589845325 0.06777283175849788 0.11072968639013112
1 0.5270734538056823 0.34157939273020343 0.1854960782151192 0.35744043144645266
0 0.40921632041057077 0.4034788231682498 0.0858333509957919 0.1369315534704103
1 0.2269792616023814 0.7196180033541947 0.1973561827542901 0.2507205378830699
0 0.15884436441227184 0.8886468727802622 0.07640378729346105 0.13471348960843982
0 0.4849083566077235 0.9367972906070108 0.07958335099579195 0.12640541878597844
0 0.5469445651379112 0.9321697747675689 0.06713791469812272 0.13566045046486225
0 0.6510045825611064 0.9199318547210826 0.08369049763774719 0.16013629055783482
0 0.6970462580590023 0.9695356938932624 0.08000001324684387 0.06092861221347512
3 0.6874107861971528 0.5811385554872226 0.20396828130301117 0.21689184110137863