2 0.865625 0.8296875 0.115625 0.340625
1 0.9015625 0.6015625 0.09140625 0.30859375
0 0.925 0.75703125 0.04921875 0.11796875
0 0.74296875 0.8796875 0.10859375 0.23984375
1 0.8 0.9375 0.1 0.125
1 0.471875 0.91640625 0.228125 0.16640625
1 0.2734375 0.88203125 0.18125 0.2359375
0 0.5265625 0.7484375 0.1046875 0.11640625
0 0.33125 0.65703125 0.21015625 0.29140625
1 0.18125 0.56328125 0.2171875 0.48984375
1 0.1125 0.24296875 0.14609375 0.25625
0 0.725 0.35625 0.08828125 0.0875
0 0.0515625 0.628125 0.05625 0.21328125
2 0.49921875 0.88046875 0.19765625 0.1703125