0 0.609375 0.63125 0.0796875 0.1125
0 0.53671875 0.19375 0.075 0.165625
0 0.9078125 0.10390625 0.0625 0.140625
1 0.67109375 0.0953125 0.190625 0.190625
0 0.215625 0.9484375 0.065625 0.103125
3 0.809375 0.74921875 0.1375 0.1609375
3 0.3953125 0.19375 0.14375 0.175
2 0.371875 0.44765625 0.13125 0.321875
0 0.6453125 0.51796875 0.0875 0.121875
3 0.1109375 0.7140625 0.0984375 0.2765625
3 0.309375 0.31171875 0.10625 0.3171875
3 0.521875 0.43515625 0.16875 0.3125
0 0.57734375 0.8890625 0.146875 0.221875
0 0.959375 0.14296875 0.075 0.1828125