3 0.04204274749271754 0.020911258833715245 0.06336381802583094 0.031142203647222273
3 0.312293063011266 0.06938349339894087 0.12913723370266403 0.13876698679788174
1 0.4185634465556454 0.15082344343706583 0.17306439311129082 0.30164688687413166
1 0.5384693989172786 0.558165724545694 0.23201349577685787 0.3536016979476392
1 0.6470247303374517 0.3125057727983328 0.18925168276559176 0.27921864057694457
1 0.780356404394062 0.19291735857003406 0.15680289561857313 0.29095492116215294
2 0.5556686414619382 0.15923404906039912 0.14691107007089493 0.31846809812079824
3 0.6368650979802065 0.6887779852792704 0.18075722116625173 0.2555993026210418
2 0.37138250197855704 0.7535905933711455 0.20338839060400832 0.335759581306389
0 0.8397784639736088 0.9185888525861104 0.08305184389007829 0.11747974715020852
1 0.30288386922560045 0.9787737377478123 0.12430131802583091 0.03256053970326391
1 0.9730973169367919 0.755977136971041 0.053805366126416135 0.15432513050895835