3 0.5254505562435272 0.8512451828613603 0.22553486758448216 0.18153626879593138
0 0.9950132542365502 0.8736160666311061 0.009973491526899636 0.0672511439408634
0 0.9246214856731674 0.9038294672399292 0.15075702865366516 0.06454021637033698
3 0.9791754507661399 0.7348086581463752 0.04164909846772034 0.11693215060882309
0 0.9818746618362265 0.5136830861759435 0.03625067632754693 0.10430460485118864
1 0.4698204631253363 0.08644027552423422 0.2929080378830699 0.17288055104846844
2 0.20624319024852894 0.39880480650848027 0.3703117720436281 0.2523903869830395
3 0.22709773156266816 0.04877246878623301 0.2791954631253363 0.09754493757246602
0 0.05566476399785643 0.2005262874226848 0.04077781930985205 0.04993609818322886
0 0.5820194503879875 0.22198850437275003 0.19714778763096846 0.13105803667377883
1 0.8832404198819981 0.6150060833010056 0.23351916023600375 0.22806032455550565