3 0.49453125 0.76015625 0.1765625 0.2109375
0 0.503125 0.58359375 0.096875 0.15
0 0.6671875 0.2484375 0.06796875 0.11484375
3 0.8328125 0.06484375 0.11484375 0.121875
2 0.46484375 0.065625 0.1234375 0.13125
1 0.15546875 0.95078125 0.1234375 0.0984375
0 0.86015625 0.55625 0.0484375 0.12421875
0 0.76171875 0.978125 0.03828125 0.04296875
0 0.3984375 0.44921875 0.08359375 0.134375
0 0.0640625 0.08359375 0.078125 0.09375
2 0.903125 0.48515625 0.05390625 0.19140625
0 0.88828125 0.29375 0.06640625 0.14765625
0 0.61484375 0.4078125 0.0703125 0.16015625
0 0.7828125 0.40390625 0.078125 0.11953125