3 0.2928033344165687 0.15578306228074 0.1851307508107789 0.14026153855474383
3 0.1991918819015065 0.32318412650146533 0.27728306899199795 0.23145422433401847
2 0.42470435065191836 0.39257209094965206 0.3202148628234877 0.1863619002274614
2 0.5686021753259591 0.21080212060714726 0.29000916558343126 0.15546472729976807
0 0.882840584419864 0.6614175218231919 0.19527731818121907 0.09539470752810467
0 0.9328502670494239 0.6181105322033152 0.11082049756436803 0.08726918973360735
2 0.8303296444867035 0.9266327438585362 0.23090690097293454 0.14673451228292755
1 0.17424110593021946 0.7224519560452298 0.33309669236879247 0.20874623619701663
1 0.015997552356201736 0.7516725879467214 0.03199510471240347 0.15647017589344295
1 0.06053275649611704 0.8246126808363587 0.12106551299223409 0.12422536167271758
0 0.058391378248058526 0.42523476334587285 0.11678275649611705 0.08771485870696819
2 0.8556921087728885 0.9881419175276671 0.14941934740221222 0.023716164944665864
3 0.545663507306896 0.2708482826604258 0.17641822402541757 0.08838070357377185