0 0.15510406368925264 0.4811505464262281 0.18751854053191014 0.19950920456235507
0 0.4696799223590398 0.7428759777196975 0.13614704152049342 0.20209569368794006
1 0.6912140241459257 0.6464944317505799 0.2496603962731289 0.3081148834215476
3 0.9091416703818733 0.7343287182909763 0.1325657381741827 0.3439011917107738
2 0.8231589742968375 0.10723159087528995 0.2286820514063251 0.2144631817505799
3 0.6098113987074056 0.07417369315646746 0.15537720258518864 0.14834738631293493
0 0.9019325731179739 0.0281396570731816 0.04887785178688588 0.0562793141463632
0 0.7289328359323741 0.35247517631337244 0.07279019566510651 0.1402376808363588
0 0.6635625039171517 0.34889919015353693 0.11481586958138301 0.176268022737413
1 0.3895612712173572 0.2781688319780414 0.23986890220462778 0.3357942144481868
2 0.6314994900398062 0.8103778596211892 0.19203889726171183 0.31044670456235507