0 0.9625825680258309 0.17459816382405652 0.07483486394833819 0.07968724212409221
2 0.13316315564770317 0.21039497924721462 0.20352947994174028 0.191198311219586
0 0.2658682878719344 0.7800533881909875 0.29999530298213617 0.18504364819292718
0 0.7996953700835302 0.8852014686655469 0.18196070533113406 0.09279276212797143
2 0.8470226626408252 0.9507721018313188 0.24802362602253183 0.0984557963373625
2 0.6664998075344826 0.486190399570053 0.3555011569013445 0.21763274971013585
3 0.9356145542357772 0.4728922715501831 0.12877089152844548 0.20497402667183912
3 0.33870977665567026 0.4173458362244351 0.3450804824490228 0.18092997516432874
2 0.04643867478152607 0.6584820507586043 0.05868834138279594 0.14196410151720862
2 0.4487082169431096 0.6352026291071318 0.1489041644231918 0.13529925546001173
2 0.1432475463182186 0.07482414106592546 0.24536998746358765 0.12914459243335297