3 0.35260409528168424 0.39709774772368844 0.2900999306969986 0.23682802770747777
1 0.8030120806015486 0.5173483591772812 0.32629196936663485 0.26037684367091246
1 0.7993121792250504 0.8353171091772811 0.3857396947008166 0.26939227874093497
3 0.8439172492441405 0.6966934108726923 0.29867495202099903 0.16851467535011294
1 0.08441881130650122 0.5001327406943752 0.16883762261300245 0.20964048138875024
0 0.10790976062222932 0.3325471344080688 0.21446358402290802 0.1786473465663966
3 0.2789013239179129 0.6180052531003719 0.29157152402927144 0.22908830231458363
3 0.19869456122695944 0.7932727727450791 0.3409715400222717 0.17985458974197108
1 0.24415141721041475 0.9083433469806813 0.2646999413589988 0.18331330603863732
0 0.49968073197804647 0.1850793988809802 0.08048747867599956 0.07246150496239871
1 0.6719017246578641 0.09617321835907161 0.1811965506842718 0.1380565798171736