0 0.4125162684708393 0.22012256779724276 0.10881000539858476 0.1847898992633658
0 0.455459862452199 0.13386835752189813 0.06420605518880329 0.08841764381548418
0 0.3015441408950152 0.9425870657035558 0.10158765601864025 0.08947739926336595
0 0.4242003908950152 0.9340101051761096 0.13440015601864025 0.09177187278026225
0 0.561973078032542 0.9487231791775386 0.0963547817435865 0.04093063861970414
0 0.5395741693146094 0.7775037430395091 0.134757198759889 0.19903806956195352
0 0.6102544448344187 0.8188992853620544 0.11735621120744355 0.1745079631253362
0 0.5832990132959692 0.6911949024423336 0.10767263527271584 0.12875842055068923
0 0.4683475969043666 0.6356165278204859 0.12194862282516113 0.1530700056999832
0 0.6061291715896945 0.48461176667262107 0.13016478714217125 0.22047602698730664
0 0.6168326410955078 0.6362288969944518 0.07992614357108571 0.11127598960843983
0 0.6757233116362953 0.6878735244662912 0.1459081863123343 0.22313113342392404
0 0.7124905284428162 0.7481336812712256 0.12031619046151913 0.21357046312533629
0 0.7451990525127329 0.8895727822599614 0.11214664772027057 0.10575796312533611
0 0.8435773529276513 0.881908111709272 0.1197456601678251 0.08297602698730663
0 0.8000273398553969 0.8150537474789845 0.16153318631233438 0.22422373986054148
0 0.847766100228359 0.7920807872036398 0.061176143571085716 0.10996486188449914
0 0.907734018694554 0.8475770343536482 0.0806598493799445 0.10044775025210137
0 0.6992531321724382 0.5527119206275639 0.11657403859206372 0.12316398441265974
0 0.7643229477342037 0.613349135846587 0.11148471950581343 0.15855518119435102
0 0.6770919444102115 0.43645313609868863 0.11136632033565022 0.15699268119435103
0 0.7929877863169786 0.3490245558930733 0.10045213112353099 0.1360246173323806
0 0.37269616786471693 0.8865613048077925 0.09469903859206381 0.12163433540139543
0 0.8827321734637943 0.7456539014339274 0.09067531203728052 0.1710880321830867