1 0.94609375 0.90078125 0.1078125 0.1984375
3 0.775 0.87109375 0.18515625 0.18359375
1 0.8109375 0.5109375 0.18125 0.3
1 0.59375 0.71640625 0.21328125 0.296875
3 0.615625 0.925 0.078125 0.15
3 0.3953125 0.74921875 0.190625 0.18515625
3 0.4453125 0.615625 0.1078125 0.09921875
1 0.1765625 0.89453125 0.12578125 0.2109375
2 0.309375 0.37890625 0.12890625 0.2859375
1 0.34609375 0.0515625 0.175 0.103125
1 0.3171875 0.20078125 0.17890625 0.2765625
1 0.74375 0.153125 0.1125 0.253125
1 0.93984375 0.103125 0.1203125 0.20625