0 0.260621941836449 0.6321578655450192 0.17245678298109554 0.11001057878390341
0 0.17991229732083913 0.5860648445689189 0.08002384328594588 0.06245376834526439
0 0.9503737464839584 0.7739901938348124 0.09925250703208306 0.11225634727034191
0 0.8163644443705319 0.9740978601774666 0.15500566256778675 0.05180427964506684
0 0.9453089965821544 0.6580921780497968 0.10938200683569121 0.14092737884037304
0 0.9637408340143679 0.530277991189859 0.07251833197126416 0.09968075256024882
0 0.7849401649054777 0.5455481334667605 0.18510222872636958 0.13573862087727823
0 0.8236208698241338 0.4821982650085566 0.16156473477649352 0.11718604195220053
0 0.7034492703898678 0.4994096098598243 0.11932269262201593 0.10535389988706054
0 0.6517327551663614 0.6041734335938174 0.14127041549465283 0.11912797355046649
0 0.5095629150036736 0.46468745741251505 0.20382495764913067 0.13214318401734032
0 0.6524816680287356 0.46442068885548926 0.10356133723582168 0.08100634727034191
0 0.699819755460949 0.4125088493364807 0.2070408612399266 0.14795019454068412
0 0.7574277223816577 0.380719794018339 0.19752041549465282 0.12240416297065301
0 0.9087947796614457 0.3559535544005084 0.1381454154946528 0.11894596302712265
0 0.9012226532962085 0.262575280722985 0.11630677693097127 0.12392188936371688
0 0.8194504785299778 0.30232875448521296 0.21023858411256374 0.1606322050640278
0 0.7965351532962085 0.2564779281909712 0.10345225292686636 0.062256347270342086
0 0.8493374455488821 0.20410335708781405 0.09262383723582168 0.08036931043863911
0 0.571553854895215 0.380827667879389 0.11312723477649378 0.11436487884037323
0 0.6290209212501894 0.3248198625612474 0.14747496369925486 0.1116794945971538
0 0.4630828247427898 0.39559655219319545 0.14433178298109545 0.10837248407381014
0 0.3804107044276767 0.2806625259554234 0.12554542154477702 0.10103042093374795
0 0.888983291172519 0.7093669807371026 0.11299996974937869 0.09248987884037305
0 0.7533755057555366 0.22116278349499532 0.15829428903121964 0.09200403142885678