0 0.11484075932890025 0.797832003524485 0.06125687418757346 0.11231166846619497
1 0.25634109780595404 0.3443373827739162 0.16397631980277685 0.3650833161864654
3 0.4986750535707225 0.08696351327274723 0.144225107141445 0.17392702654549447
0 0.7011375803560836 0.10176307093712829 0.09351599512873605 0.17249215186945538
0 0.9852477532464109 0.10040852279729491 0.029504493507178254 0.15236798340326047
0 0.9844431838473758 0.013296257249462567 0.031113632305248374 0.026592514498925135
0 0.7838150815706044 0.5359236607693031 0.0835955243497292 0.14053175684847724
0 0.6166060365212985 0.6369920211469097 0.1095773717519414 0.1986761435710857
3 0.5225793469918798 0.6730614209417727 0.10682629301741571 0.3092584460605966
3 0.756477060060249 0.627957795417319 0.10787850405718977 0.1907452444009227
1 0.21634693790127035 0.6524584587086438 0.12848310470581287 0.2984160344428789
2 0.5953152378185449 0.8513864078695181 0.1880296542193456 0.2233461020792368