0 0.26803143228134163 0.49425715069964526 0.1808972684261109 0.10812605172849495
0 0.2180696799722674 0.5677688585380618 0.08488213939685174 0.06169366943775678
0 0.8465906189444905 0.07953748885024292 0.17661987153638856 0.11267715940862688
0 0.8928784415176384 0.1878440823446099 0.17296719123481452 0.14218280298213615
0 0.9544222427899534 0.30176417834625935 0.0911555144200932 0.10125627461060623
0 0.7829155555611568 0.36335621087442443 0.197146985014259 0.13353522868809903
0 0.850805684590416 0.40524218250289445 0.17206907257314796 0.11410326708875881
0 0.7329538032520825 0.4368679187128409 0.12906136635259244 0.1035007362099464
0 0.6333550529692585 0.3637917830568904 0.15216667568342573 0.11819973370266404
0 0.5763510716781933 0.5448121140148452 0.21548688190398124 0.1293932979675713
0 0.7053653369467583 0.48858118289860586 0.11138585080120364 0.07960859514371954
0 0.7743689066451842 0.5163364583671419 0.21997889227157383 0.14510922618081654
0 0.8414586618289805 0.522216733835678 0.20841667568342573 0.11983644154108042
0 0.9588841503300921 0.48283232191976866 0.08223169933981574 0.11760870031656907
0 0.9828192278042124 0.5681787885336738 0.0343615443915752 0.1226766335443795
0 0.9120771465836569 0.5672360656515625 0.17584570683268624 0.1577001543940618
0 0.9405591261080544 0.6164548156515626 0.1081829383600926 0.060813131037096825
0 0.9823011094253697 0.6417526808535419 0.03539778114926051 0.07919941818411544
0 0.6755301569280081 0.5951865355641729 0.12349487153638865 0.11113137978345566
0 0.7554028761080543 0.6218423122863502 0.1575964694628702 0.10900659012915473
0 0.5693286750712951 0.6256900409744492 0.15433476842611088 0.1073531619159093
0 0.5536728637142115 0.7600794128403461 0.1349012632423147 0.09899509263643722
0 0.7932106321868051 0.17664582106183882 0.1201552580585183 0.09077341567683303
0 0.9185656648683558 0.6656197413575253 0.16286867026328836 0.09052937476889085