3 0.7572404781599529 0.6234218848918223 0.15408120636839726 0.1340961182719372
3 0.3385534774110468 0.3700247314554917 0.4077483403073211 0.13494372455808668
3 0.34040495390400977 0.9486089976251508 0.23469347758022466 0.10278200474969842
2 0.7637125872632053 0.2942323518751354 0.3231818927329154 0.1662955438708206
1 0.5420931945302898 0.4332594730877487 0.2593105824314133 0.20339939620024125
0 0.08160287830973406 0.6343041581860289 0.1264346963664577 0.08130531094499087
0 0.1903075539234064 0.4367917503386843 0.18424719636645773 0.08433513568479167
2 0.11463774528889425 0.8373030054270668 0.2292754905777885 0.17148101085413367
0 0.2671903366349854 0.8597932383528967 0.1485647878817268 0.08557673111680728
0 0.8198193239272857 0.3662168945027606 0.16208515394280312 0.09873182835784541
0 0.04008363968879959 0.4842798247398008 0.08016727937759918 0.09980964947960161