1 0.41880804557232326 0.22428394119631 0.2825226502711464 0.2417082363742164
1 0.16896712685621657 0.21734751241783562 0.2823772045258726 0.2167082363742164
1 0.0676727924490653 0.47016923666408045 0.1353455848981306 0.22216152667183914
2 0.13235265554520861 0.6530297919646127 0.26470531109041723 0.22793277879787102
1 0.2921474923977517 0.922577533170621 0.2865556444174141 0.12959087364711977
3 0.8495019710259252 0.6873274934527265 0.29283291549465285 0.13478855667765827
0 0.7033910820694602 0.4337555675491901 0.18806360226293642 0.11218049091614421
0 0.5339098290443982 0.4390005322525371 0.16615224082661798 0.10414485030926066
0 0.564568955704223 0.5380121170998464 0.10674087939029935 0.09304811151914834
3 0.6426005904572755 0.037405243247451286 0.21002041549465283 0.07481048649490257
0 0.4862848744203296 0.5717331549815732 0.07381929508134384 0.0716196506088231
1 0.18411279948114817 0.8353482133262211 0.3541431202169172 0.20382534122540505
0 0.6219127813307755 0.7480729011885513 0.12225679508134384 0.07557356909549373
0 0.4102531186647931 0.7551991013480309 0.1394352047222643 0.07541407242947358