1 0.409375 0.25390625 0.1875 0.2765625
1 0.51015625 0.0890625 0.1234375 0.178125
1 0.5515625 0.23125 0.090625 0.1890625
1 0.66171875 0.1640625 0.140625 0.253125
3 0.63671875 0.03984375 0.1046875 0.0796875
2 0.66640625 0.4203125 0.115625 0.2875
3 0.621875 0.88046875 0.1375 0.2375
0 0.1578125 0.65625 0.059375 0.1390625
0 0.09296875 0.584375 0.0796875 0.190625
1 0.8546875 0.9296875 0.078125 0.140625
1 0.9296875 0.47734375 0.1 0.2734375
0 0.7984375 0.4 0.1046875 0.11875
0 0.86640625 0.44921875 0.11875 0.2515625
2 0.615625 0.64296875 0.15 0.2265625