1 0.7960744739815462 0.15450315529767428 0.24887494668999893 0.177621079406528
3 0.6507603319541839 0.3527380207046534 0.41164766669318065 0.20484080888930584
0 0.8813739852800934 0.41280792419937573 0.18615677068745348 0.15741637575930573
2 0.6530938966025029 0.4879851896826047 0.19600448535963508 0.19825958130638913
0 0.945144489258458 0.5737103630289592 0.0980022426798179 0.09912979065319458
1 0.9393950232734118 0.4633904588686466 0.11288290268936266 0.16976959897381963
1 0.17770880454332388 0.9094665721883335 0.22868971602481705 0.1810668556233331
1 0.11436030263368333 0.6011650693385417 0.22872060526736665 0.2304551386770836
0 0.3450599365452328 0.9028048769935767 0.16081132535009016 0.1271469943004167
0 0.2146093678787783 0.8982056831300003 0.11184656667727226 0.08070709897381931
0 0.1751507099379574 0.46123170678135433 0.20323518268618096 0.14844141926229176
0 0.9015335859723195 0.22494490149795215 0.09175224267981755 0.09898432028847229