1 0.4125 0.815625 0.1796875 0.23984375
0 0.5046875 0.365625 0.06796875 0.1234375
0 0.1609375 0.26796875 0.059375 0.11171875
1 0.25859375 0.20703125 0.16171875 0.21875
0 0.390625 0.3015625 0.16171875 0.309375
3 0.34609375 0.6109375 0.16484375 0.29765625
2 0.26796875 0.40546875 0.11328125 0.26484375
0 0.934375 0.8515625 0.05546875 0.20390625
0 0.65234375 0.23515625 0.10546875 0.175
3 0.1125 0.934375 0.14140625 0.13125
3 0.61953125 0.5265625 0.1515625 0.378125
0 0.1734375 0.69453125 0.04921875 0.121875
0 0.2203125 0.7 0.0609375 0.1515625
2 0.478125 0.13125 0.13046875 0.2625
0 0.78671875 0.03671875 0.06640625 0.0734375
2 0.79609375 0.709375 0.14609375 0.1765625
2 0.825 0.50859375 0.140625 0.2296875
2 0.21875 0.07578125 0.153125 0.1515625
3 0.62265625 0.83125 0.190625 0.1734375
3 0.78984375 0.21328125 0.1359375 0.13984375
3 0.80078125 0.35625 0.18828125 0.19765625