3 0.042362534271454186 0.06352615066040937 0.03948670520520212 0.06135567067154524
3 0.06983581591207245 0.3201483206556369 0.1396716318241449 0.12827154535327184
1 0.14246967910860436 0.4224460699793191 0.2849393582172087 0.17385786004136178
1 0.5119436610456888 0.5397666459261853 0.35547426820408995 0.2321067120464523
1 0.26949157956036224 0.6409586179583201 0.28114212613895007 0.189082870703362
1 0.1458959138882862 0.7657506273074558 0.2887880261671849 0.15950445870463453
2 0.14457893970253524 0.5520335726448191 0.2891578794050705 0.14894876670908896
3 0.6281763348220342 0.6352235019096405 0.25559609456891896 0.17941696936663476
2 0.7107059266895299 0.38443261390041367 0.33508617349399666 0.20376353604390704
0 0.8463061665897094 0.8309883458784603 0.15326077886860795 0.08453972668681722
1 0.9461498740022243 0.3231389358689151 0.0758484104104042 0.12267497867599957
1 0.6633355009176333 0.9564712459023227 0.15015118942018651 0.057959045353271677