0 0.81484375 0.49609375 0.14140625 0.1546875
0 0.5609375 0.78046875 0.09140625 0.165625
1 0.35703125 0.7296875 0.18046875 0.24453125
3 0.15078125 0.84609375 0.109375 0.290625
2 0.18671875 0.1765625 0.16171875 0.353125
3 0.3734375 0.1390625 0.11015625 0.2515625
0 0.11484375 0.1984375 0.0296875 0.07421875
0 0.296875 0.47421875 0.04296875 0.11875
0 0.3546875 0.46015625 0.0765625 0.14375
0 0.94765625 0.103125 0.06015625 0.11484375
1 0.58984375 0.353125 0.16640625 0.271875
2 0.4234375 0.86953125 0.125 0.2609375