0 0.42204776442318137 0.7689973878240621 0.10347517061270253 0.1786354526972918
0 0.48024264382017723 0.8490472573151038 0.06144742515463051 0.08408536569131933
0 0.17568539727484328 0.054813480148367996 0.10449579454968654 0.10962696029673599
0 0.2973053057595742 0.050470165843819345 0.1383606115191484 0.10094033168763869
0 0.4302932778797871 0.02212565387597206 0.09808655575957417 0.04425130775194412
0 0.4407199501594795 0.20186313279006907 0.13249299091614422 0.19022756933854176
0 0.5023272587939918 0.15111694396048572 0.11195735030926066 0.16791615824437506
0 0.5004135566776581 0.2810953846899301 0.10500597758022465 0.12096842306201391
0 0.3980855242559431 0.35079224848138857 0.11941916394474265 0.14469686379145852
0 0.5621794594125131 0.481603224545694 0.12490363152302777 0.21188436379145853
0 0.5436212938007805 0.33096744491041624 0.07729556576151389 0.1062876740119445
0 0.5913096236471199 0.27271788060586755 0.1406561772806622 0.213810539703264
0 0.6165489975841041 0.2079462125778467 0.11514599425012406 0.20697865824437506
0 0.6209819218206505 0.056716899791909484 0.11307356909549374 0.11343379958381897
0 0.7192918760630159 0.04899433895428792 0.12209788273097573 0.09798867790857584
0 0.6901143012176464 0.13109146542763833 0.1562811772806622 0.21417421561506958
0 0.7407998274304435 0.1479146363054508 0.05854556576151389 0.10585126291777777
0 0.7889505428826966 0.08574063820531184 0.07952774545807202 0.09542290919430563
0 0.6419309901672381 0.40382175703076334 0.11387079454968649 0.11493662860909737
0 0.6926965225889532 0.33532502374826334 0.10755689273291544 0.1522184230620139
0 0.6413406719898284 0.521245646373437 0.10742934697528081 0.15065592306201409
0 0.7716178454774687 0.5925731728745827 0.09795875212603189 0.13016158510611114
0 0.25591477333785917 0.11458460438906229 0.0919957945496865 0.1144274823325695
0 0.784087312886576 0.18917476273034656 0.0852673045516262 0.16573540919430566