2 0.6552816796875716 0.7844791619191855 0.2714087842423861 0.4090499253659985
3 0.5633380203449392 0.520471753262276 0.28572954813983353 0.2890101453691802
3 0.4315472591467843 0.7315648892823206 0.28473573320276774 0.31709878270208947
3 0.8804258188857578 0.23684799454968722 0.2201278589277141 0.2679522106938169
0 0.7019796649417099 0.15212919123968613 0.13298121120744355 0.16858746268299923
1 0.2880686850629345 0.026961394653091535 0.17613737012586891 0.05392278930618307
1 0.4407802105827436 0.07228243797741013 0.21593542116548722 0.14456487595482026
0 0.2161372533239923 0.1796767673058649 0.13260270290907378 0.18419428134945384
1 0.5667185163962468 0.24518994259232157 0.31293251079716955 0.35957718403881633
0 0.5403222983635481 0.9390768499363666 0.13340634108157481 0.11239200668363551
0 0.10871525562229933 0.8361914913271822 0.10021533278320494 0.12761701734563574
3 0.33048225062469994 0.09154151531668259 0.17033950124939984 0.18308303063336517