0 0.18421058494379092 0.4026550937808671 0.17343218281352518 0.08946800954776961
0 0.10613732308079282 0.45316273402796037 0.07853617688202612 0.05423905933798814
0 0.9148543843729497 0.22292131081110264 0.16125051779449712 0.09633331618646539
0 0.9154526091640787 0.3428669579066732 0.15177735870696835 0.13144202199532423
0 0.9413545814837498 0.4764849413099337 0.08800401878308044 0.09545605518880329
0 0.7425350795065835 0.4708232466992296 0.18232702174882984 0.11662250539858476
0 0.7924276501530993 0.534945868899691 0.16131418479069168 0.09789581618646537
0 0.6636805676435854 0.5212716873612415 0.11593801779449713 0.09289974025173767
0 0.5951308388981236 0.41498487594866085 0.13832235376405216 0.1070573286340201
0 0.4675112217881985 0.5659651902610265 0.20375635277546902 0.10734259378086701
0 0.6158678087463368 0.5599664118414323 0.10092051285158128 0.06839664772027057
0 0.6732691318643107 0.6129030803076272 0.20601918973360736 0.12464849295103023
0 0.7363129599252004 0.6427574462843111 0.20024935079830275 0.09773079544054113
0 0.9040588754385201 0.6609541070768362 0.1445723537640525 0.10753092531467204
0 0.9094546881763705 0.7593207520978144 0.11995435574121842 0.1150115385920639
0 0.8130399446021611 0.7214520539626254 0.20652852570316255 0.1371484929510302
0 0.7969719342220378 0.7696052114311582 0.10328150889724856 0.04988344606059662
0 0.8590607573400117 0.8228970774078421 0.0886115138401646 0.07213695435896632
0 0.5440153719784788 0.6501285479393408 0.10863485376405216 0.10480774440092269
0 0.6122905281002584 0.7054565105966768 0.14718801779449714 0.09526772365499828
0 0.4284540389746733 0.6398045093472768 0.14399935079830276 0.09346842531467203
0 0.36001576228292753 0.7615718429556745 0.125122016805914 0.08892263527271567
0 0.8264511175670357 0.29615605603721784 0.1091786818249421 0.07992614357108571
0 0.7569716753247893 0.8088919317621641 0.1602318458553869 0.07133331618646536