1 0.8640625 0.14296875 0.13203125 0.26328125
1 0.275 0.9171875 0.12265625 0.1625
0 0.0515625 0.34140625 0.04296875 0.11015625
3 0.8265625 0.56796875 0.05859375 0.22734375
0 0.70625 0.62109375 0.0828125 0.1578125
2 0.36484375 0.9375 0.0859375 0.12109375
0 0.73046875 0.9453125 0.084375 0.08984375
3 0.48359375 0.67578125 0.18515625 0.13671875
2 0.73046875 0.2328125 0.18359375 0.2234375
0 0.94609375 0.09609375 0.04375 0.1203125
3 0.0921875 0.5390625 0.11328125 0.23125
2 0.16640625 0.80625 0.12265625 0.1359375
0 0.89609375 0.72734375 0.05625 0.12578125
3 0.44453125 0.83203125 0.09453125 0.19140625