1 0.70234375 0.36796875 0.11953125 0.30546875
1 0.53828125 0.1125 0.1859375 0.17109375
3 0.3796875 0.89921875 0.175 0.2
0 0.840625 0.6203125 0.0625 0.1546875
0 0.08515625 0.9703125 0.08046875 0.05859375
1 0.146875 0.67734375 0.16875 0.35546875
0 0.14296875 0.3015625 0.05390625 0.13515625
0 0.76484375 0.25546875 0.0796875 0.16953125
1 0.78671875 0.8109375 0.121875 0.2953125
0 0.696875 0.659375 0.15390625 0.22890625
0 0.06328125 0.8234375 0.0421875 0.1578125
0 0.640625 0.40546875 0.06484375 0.14453125
2 0.8 0.1296875 0.09765625 0.21484375
2 0.90625 0.06171875 0.075 0.1234375
3 0.959375 0.96953125 0.0421875 0.06015625
2 0.71484375 0.878125 0.11484375 0.20625
3 0.43359375 0.45234375 0.0859375 0.171875
2 0.296875 0.13984375 0.08359375 0.23671875
2 0.40234375 0.6609375 0.15546875 0.2234375