1 0.190625 0.775 0.184375 0.315625
1 0.4671875 0.4703125 0.1375 0.23125
2 0.421875 0.08515625 0.103125 0.1703125
3 0.51875 0.18203125 0.1015625 0.265625
0 0.61015625 0.315625 0.065625 0.134375
0 0.584375 0.46171875 0.06875 0.115625
0 0.578125 0.60390625 0.090625 0.1515625
2 0.43828125 0.87890625 0.1390625 0.19375
3 0.8921875 0.25859375 0.096875 0.2671875
0 0.6234375 0.14765625 0.075 0.146875
0 0.36953125 0.225 0.0828125 0.153125
1 0.16640625 0.15625 0.1203125 0.19375
3 0.09140625 0.28515625 0.0453125 0.159375
3 0.27734375 0.55 0.134375 0.1296875