0 0.5190478291382676 0.15098240786944545 0.10763304220663664 0.17790896946287016
0 0.44624552881395607 0.10414565556037121 0.06235572402541756 0.08658134043361097
0 0.9410487033225458 0.7040241846833813 0.11541826866768616 0.1770299746466666
0 0.8396731639552829 0.7684468525911127 0.15338191882984198 0.20687329952888867
0 0.7298266055132965 0.84065262620102 0.11004893019392785 0.13755737153638856
0 0.6592299131445041 0.6512182707816679 0.13287850405718976 0.19415868605101833
0 0.620504378241468 0.7187666472190288 0.1168989480508353 0.17247917568342572
0 0.5864276128201924 0.6043815184725936 0.10366256249917605 0.12919806738935158
0 0.655884950483172 0.5044116213000475 0.11966939204448082 0.15244007775694435
0 0.47661446184725775 0.4543705394906027 0.1300807865245938 0.2126352839774998
0 0.534346915580136 0.5792051526856492 0.07833528003177222 0.10826085080120365
0 0.5089435409855254 0.6479353203105565 0.14578760714144484 0.21868979434509228
0 0.5054015296214397 0.7139704234208343 0.12059669236879245 0.20556507775694416
0 0.5479589967469986 0.8659532969834732 0.11980575973923262 0.16025257775694435
0 0.4656374204481047 0.9013234519317137 0.13176028896022576 0.1300961860510185
0 0.46246578165003455 0.8092726529684731 0.15834215421934558 0.22290840263916642
0 0.41404191841950977 0.81429163510801 0.06112050649282175 0.10519463939685174
0 0.3902828644417502 0.887572601696158 0.07976141233702042 0.10058505183796278
0 0.42904576095375335 0.5532078721485194 0.11139324188232518 0.12519407257314796
0 0.4046145511317952 0.6328071892550471 0.10881371266133204 0.15617067049962935
0 0.3967360470746054 0.4504047923653248 0.10878643912238158 0.15460817049962952
0 0.2643229675293006 0.440081029971482 0.09908415665497756 0.13503796427907383
0 0.8439458323813833 0.6546187984440757 0.09102619480442442 0.12029195909527761
0 0.3659902021047299 0.7958047667291673 0.09020008035608366 0.1623427580585183