1 0.46912682403219497 0.8490144423325034 0.3754297174139363 0.2512636009497073
1 0.7547141555531258 0.8659281238444538 0.307732881444381 0.23680864436493215
3 0.7730290513319631 0.5700162302709447 0.4182883794672147 0.23066159593514257
3 0.4169779584795067 0.20924123700136926 0.24813770555093823 0.1913764724198929
3 0.4869111150955777 0.25898883590601257 0.24644787155854947 0.1882060083132702
0 0.1233831728905124 0.36964857343610724 0.1444450197716635 0.09784176959604132
0 0.07911586114124504 0.2658954361308042 0.09661501482874761 0.07304034639736087
3 0.1876989767682954 0.11574833511458978 0.22961319863085597 0.1580638672470434
0 0.38551705285201876 0.15592000870898162 0.12218801779449713 0.08783027210332377
2 0.9207794377192599 0.32245457165374064 0.1403596976422726 0.15078491316955062
1 0.9124019105332227 0.4512698934404953 0.1484560405319101 0.1962792695960413
0 0.8582927306854471 0.5122695779219468 0.2508170365775776 0.1805299006331383
3 0.9040681457044751 0.5214232690673158 0.15799286661563344 0.16222251834239998