0 0.7976884480824052 0.579422016620587 0.16493520401018139 0.08072918874473985
0 0.8704896014083147 0.5221700226110367 0.0755454400063634 0.04949405771188111
0 0.10188724144649479 0.8303744915624796 0.1603022480108177 0.08525299763774719
0 0.08646114143058645 0.7136780648834572 0.15761360001590835 0.12264387023308565
0 0.056073112746632695 0.587343743376578 0.09945565467854492 0.09093751324684404
0 0.2575628874124509 0.5740550257758976 0.17303860534690846 0.10600200725639404
0 0.20609983740449672 0.5172345961016505 0.15408861067790858 0.08815974282842394
0 0.3303549500715876 0.5160217817663474 0.1103204293443631 0.08506945916315996
0 0.4018037834181779 0.611222665161459 0.12921588001272663 0.09822422359113006
0 0.5172004220639516 0.45322413748664464 0.19478633601209036 0.09582839908902621
0 0.37441348539940605 0.47384171624991805 0.09600339067472693 0.06270338584218216
0 0.3160737267265882 0.4305480732361596 0.19496814934754472 0.11145339908902616
0 0.25406407538986103 0.4077033394782285 0.1915704293443631 0.08790677168436437
0 0.08991975938890653 0.40640127822296834 0.14013519867918126 0.09704366950744614
0 0.07321297004295257 0.3139781652462769 0.12934314934754482 0.10916172359113023
0 0.17746466538031602 0.340037179041275 0.1951317813494538 0.12551589908902602
0 0.19019138470717994 0.2919171375714627 0.09891021467218156 0.04406251324684387
0 0.12793628536758933 0.24797865381353157 0.08353975334181776 0.0653918762235353
0 0.43897487738699753 0.3801437907520221 0.10263519867918128 0.09573414065150558
0 0.37121466538031606 0.3332712799522489 0.13846361067790855 0.08761410580511537
0 0.5514839680537703 0.37699645418420047 0.1368829293443632 0.08599704210278443
0 0.6110033240372255 0.25299346979329707 0.11807838534372692 0.08065477767481415
0 0.184590106102768 0.7508928334877787 0.10238066000954502 0.07385914065150559
0 0.22721867003499838 0.2499826087155222 0.15223520934118148 0.063105179126093