0 0.6740618655506034 0.7621047428133639 0.1272637119699997 0.17530237884037306
0 0.7389165945325944 0.864813242883951 0.11066268086722211 0.12769933674699843
0 0.9215102298769455 0.5012982325017818 0.07359190782296281 0.16595819994353037
0 0.9392718027329174 0.3160509772401099 0.05263556738935158 0.10411064732681172
0 0.26313569557013905 0.06663100405213465 0.11120948501425901 0.1332620081042693
0 0.30545104321379657 0.14232692398810687 0.112771985014259 0.13404034200867015
3 0.45731988223328796 0.44983006889584426 0.18380482082972166 0.34182202090551306
1 0.6638535547591676 0.4789961112009805 0.24593438246962904 0.2879227471574026
0 0.650935306785418 0.6266523612009806 0.09863157257314796 0.11456229991529554
3 0.7850687756361575 0.016197063492998036 0.17361244872768503 0.03239412698599607
2 0.49755992224305584 0.10531131335182368 0.22050515551388838 0.21062262670364737
0 0.3391953073510658 0.4940189556287251 0.13238043892574042 0.21601838410204496