0 0.4671875 0.33203125 0.08671875 0.140625
3 0.31171875 0.22109375 0.14921875 0.25234375
2 0.2359375 0.34609375 0.1578125 0.18359375
1 0.74296875 0.08828125 0.13984375 0.175
3 0.91796875 0.27734375 0.05703125 0.175
3 0.97578125 0.778125 0.046875 0.2171875
0 0.721875 0.31953125 0.07265625 0.1328125
0 0.49296875 0.49296875 0.084375 0.1484375
1 0.14140625 0.7125 0.12109375 0.1828125
1 0.18125 0.86875 0.1578125 0.209375
3 0.221875 0.65 0.07109375 0.18671875
0 0.1859375 0.13359375 0.0828125 0.20625
0 0.71953125 0.63359375 0.04296875 0.1078125
3 0.64375 0.7625 0.13671875 0.29140625
3 0.78671875 0.6609375 0.12421875 0.30234375
0 0.61015625 0.28359375 0.090625 0.146875