3 0.86953125 0.53671875 0.1125 0.221875
1 0.6859375 0.0625 0.1578125 0.125
1 0.7109375 0.284375 0.09140625 0.3125
3 0.46484375 0.0640625 0.159375 0.128125
3 0.2328125 0.1546875 0.121875 0.14765625
3 0.315625 0.1953125 0.12265625 0.09140625
0 0.196875 0.29921875 0.05390625 0.1078125
1 0.43515625 0.30234375 0.15078125 0.33828125
0 0.3203125 0.5703125 0.0609375 0.13984375
3 0.509375 0.89375 0.19921875 0.1796875
2 0.55 0.29609375 0.103125 0.23046875
2 0.4140625 0.559375 0.1484375 0.26640625
3 0.1953125 0.54375 0.05859375 0.2359375
3 0.12265625 0.56953125 0.06875 0.215625
0 0.6390625 0.53671875 0.07265625 0.13828125