0 0.7835394340781681 0.6627106196012946 0.17596935775648745 0.09014367080279087
0 0.8521798914505428 0.6060178592097344 0.0807453889641522 0.05546303218308672
0 0.11489008988934782 0.9000653379992855 0.1167581320667471 0.08911676634364482
0 0.09530352894435692 0.7788241225281607 0.10153592378986113 0.12541489926336577
0 0.05100689506858752 0.6465143670802791 0.032710680687266104 0.08946669158591121
0 0.220954224896771 0.636603407561239 0.18509205223856365 0.11568997402109957
0 0.16175628731209993 0.5764200243894166 0.16387879353213636 0.09708208565349707
0 0.2903759322691458 0.5799652774915097 0.11692190637700657 0.09224176634364482
0 0.37583979873206064 0.6809047006400891 0.13953389077317438 0.10783391535490913
0 0.47719317955561225 0.5206388260182415 0.20803822930778507 0.1079538836760257
0 0.331751204770383 0.5377120755140383 0.10163109905006032 0.06782092055068922
0 0.2661771144267499 0.4895370194457381 0.20885710085908257 0.12357888367602551
0 0.19862444425493342 0.46301844209011433 0.2027775192218768 0.09668860174504026
0 0.06211041214275779 0.45736438576971244 0.0814757293077851 0.09910377153942491
0 0.04218965852471318 0.35945140965492606 0.05244332654882313 0.10952781930985207
0 0.11701924016191896 0.3911491599070276 0.20013719810012062 0.13542331981405517
0 0.11904540762020202 0.34069569183801274 0.10369156603337357 0.04772694183801285
0 0.053430373699004094 0.2917393857697125 0.08000176051544958 0.070978771539425
0 0.387406983264514 0.44119199061684605 0.1113270036180447 0.10430472376899798
0 0.31155381218818634 0.38996299036474447 0.14825379353213633 0.09598947921687957
0 0.5034447410664301 0.44230065856964523 0.14504690637700648 0.0942084579295562
0 0.5520349700355309 0.3149294114196368 0.1260512449116174 0.08820983020561535
0 0.16667723993477634 0.8188424711711079 0.11322369629109832 0.08108574505632156
0 0.15182693012143922 0.2978415563204018 0.16092421189493056 0.07041032500983527