1 0.28141627965854876 0.8145745633099551 0.21639884863353923 0.29422510714144473
3 0.1513666811098276 0.8466585860381265 0.14215776206571756 0.18049779788867965
1 0.16961316178771585 0.4971904200476581 0.20675103012188495 0.2862489659077429
0 0.1749033185964723 0.33566258482031053 0.05968751324684387 0.09941934740221221
3 0.24446185044763774 0.33765750730360067 0.09373513103285876 0.09064436525911965
2 0.19870537322831047 0.12292680559931735 0.14116074645662097 0.2413807508107789
1 0.48144844055883845 0.2153087690714282 0.23452880054030492 0.23207966314779932
1 0.49284976514576045 0.4747246793798537 0.2667113618803832 0.3934808133099551
0 0.715605185749515 0.21314979991397917 0.08821430653075488 0.15613299756436802
0 0.6118602038905003 0.6407645109537533 0.09119546279135697 0.1967852711033183
0 0.9896081370233085 0.0883579001555652 0.02078372595338287 0.08006932954530474
1 0.9069842532496789 0.9453860068965636 0.12462303248413775 0.10922798620687288
2 0.6350174840123852 0.9177132000794301 0.196681570958725 0.16457359984113965