2 0.5770444236306949 0.4543781030269457 0.17068270801562538 0.3619759731635294
1 0.8863778303564587 0.1638394339977829 0.08964960714194489 0.299056866131414
1 0.5880831878796529 0.07716806755260183 0.23866637575930572 0.15433613510520366
1 0.7508274157469101 0.4581074730158711 0.187071427430417 0.39578976866002263
1 0.8784478419430561 0.6635285533683994 0.2284912887533334 0.16441865514950216
1 0.6222907205521535 0.784787493835362 0.22071907560680587 0.3667426187523077
3 0.8633527848567022 0.8217613579641914 0.14171994699770848 0.25714877081949084
3 0.7745636950009382 0.8728313070690271 0.11304812670923639 0.16482156847545254
3 0.46393140026368124 0.7041754488002941 0.1498948164887502 0.20618704811738678
3 0.4254670058870144 0.6315284932170532 0.1631221683123613 0.23823808451458142
0 0.956906902877587 0.33208998381321275 0.0861861942448261 0.2086321252307127