0 0.21953125 0.9359375 0.0828125 0.125
0 0.2171875 0.475 0.0875 0.15
0 0.48125 0.34921875 0.0625 0.1625
0 0.6828125 0.17890625 0.0640625 0.18125
0 0.79921875 0.35859375 0.0875 0.125
2 0.578125 0.503125 0.1796875 0.171875
2 0.66640625 0.39765625 0.08125 0.1890625
1 0.19453125 0.14921875 0.1375 0.2734375
3 0.390625 0.8546875 0.1125 0.18125
2 0.77734375 0.6859375 0.08125 0.2578125
3 0.5625 0.09453125 0.153125 0.1890625
0 0.73046875 0.0421875 0.0890625 0.084375
3 0.5703125 0.703125 0.153125 0.1484375
3 0.83828125 0.72421875 0.084375 0.2546875