0 0.48403969847574835 0.16869687964138982 0.0978567587805987 0.1772254642790739
0 0.5524533551898025 0.10486953402398254 0.056704517953980724 0.08304623732333324
0 0.11655482103035664 0.8214758758717131 0.10407948770335987 0.17308476842611106
0 0.2230457155459665 0.8535864553720838 0.13697380093507644 0.19001799019805513
0 0.3397701281137532 0.8980897281335192 0.09909200585373253 0.12111216531583295
0 0.39177246876742033 0.7004731428837044 0.12136698165323559 0.1917759798304628
0 0.43665824277152543 0.7575146633360657 0.10561471662612103 0.1685339694628702
0 0.46018158030193473 0.6358645472662972 0.09754768657189175 0.12410046427907381
0 0.38153842983439645 0.55363709910426 0.110184041958086 0.14863157257314796
0 0.5545214118804156 0.4603382840239826 0.11678856596219109 0.2101158767201849
0 0.5084236375817228 0.5980330651267602 0.07089428298109546 0.1061515466541664
0 0.5408366826630668 0.6608556938731954 0.13243174668035032 0.21460788708777762
0 0.5513701825648709 0.7248108871342603 0.10738629488495217 0.20460817049962934
0 0.521805923293293 0.8829453073510658 0.11177381303532492 0.1534557736099071
0 0.607080347961328 0.8958076008476862 0.12247496369925485 0.11378768086722175
0 0.6018837878528693 0.8087177039579642 0.14494083703942984 0.21726399538185143
0 0.6503076523142499 0.8021362218184273 0.05526019262201594 0.10322203628657398
0 0.6819621732932929 0.868933451083242 0.07396474082661779 0.09704994872768502
0 0.6105219478865732 0.5468916472190289 0.10534200585373252 0.1216589694628702
0 0.6437707851223948 0.6190209254470845 0.09928290339440445 0.15392466531583313
0 0.6341134631100795 0.4369602811492605 0.09927381303532493 0.15236216531583313
0 0.7651771107489475 0.3934461440614829 0.09134313836728988 0.13136616013203684
0 0.20836961630809228 0.7493480147029171 0.08345791549465284 0.11818265494824054
0 0.6970281162098965 0.7714726907156495 0.0790249455488821 0.16152255183796277