0 0.33952849446139144 0.7938757023845733 0.08524253844375362 0.1660704275949012
0 0.3895451045927282 0.8677808349963264 0.05080558344622812 0.07527271077238851
0 0.16173868215760417 0.0880943767580207 0.09272748982323469 0.15986587939029936
0 0.2778959486659475 0.07826083450534714 0.12858310266810494 0.15652166901069428
0 0.40749491745828303 0.04971767798768473 0.09438516508343393 0.09943535597536945
0 0.4023592808689802 0.2507069644848217 0.11237824852966191 0.17716246369925476
0 0.4643546698331322 0.20036153083979621 0.09396244120271575 0.15362496974937895
0 0.4523349474227521 0.32539334709657486 0.09018898801421234 0.11142837939029934
0 0.3494722190194781 0.3955018348981306 0.10375352103089916 0.13181360226293623
0 0.49629190807448725 0.5149234797083281 0.10406778154634874 0.19742042154477701
0 0.48980396992398934 0.3704740429400446 0.06601450361804453 0.09722952400410509
0 0.5404081575086603 0.3139467869881163 0.11969278154634874 0.1975113251355732
0 0.5694648937138505 0.2512967960633026 0.09436523292582973 0.19111587939029934
0 0.5883011821576042 0.08561270872928507 0.10276423111680746 0.14274201190385669
0 0.6828291101313367 0.07022353718450801 0.11329229534115867 0.134993144417414
0 0.6452704771600786 0.17587863954564015 0.1322746687014785 0.1991465480082102
0 0.6921897427639108 0.18966388359371184 0.047346390773174464 0.09868293969514967
0 0.743080535391536 0.1276678776417835 0.06856629353213642 0.08631020472226432
0 0.577648128675845 0.43791100693388696 0.10079893939369348 0.10524201190385671
0 0.6319505263464243 0.37042807026379937 0.09166295680654776 0.13955337939029935
0 0.5686272535065029 0.5504291876520462 0.09001856965141819 0.13798178903121966
0 0.6871448801461831 0.613782639643836 0.08434842378986111 0.11920451795398072
0 0.2322348886254678 0.17359553952219905 0.0789239393936934 0.10511474687674202
0 0.7300272574632318 0.2277133294371816 0.06896244120271575 0.15347952400410508