1 0.13684480011621553 0.3731085306460784 0.27368960023243105 0.2618420612921568
3 0.07300617524226631 0.25399643330781674 0.14601235048453262 0.1704928666156335
1 0.395466047266224 0.19317958600673618 0.32609187848024546 0.2516685652464895
0 0.5574633027141056 0.1621736196185641 0.11116672896477801 0.07464185574121865
3 0.573077595036651 0.2301887905690912 0.10866444183801285 0.10570085475263546
2 0.7850309278401564 0.13462291707055649 0.2838936708027909 0.1829530573378241
1 0.7546232539352723 0.4350221650933902 0.2775122668478479 0.26994372136826894
1 0.49748846110852385 0.5044592787060932 0.44361786808868525 0.3281275889724857
0 0.8145617106043208 0.6646725144088181 0.17305472376899794 0.1129987015966055
0 0.36061725577685777 0.6579278355124446 0.21266352698730664 0.12240287650146531
1 0.10943825996423169 0.973035593383929 0.1681051438154842 0.05392881323214205
2 0.09503490449758323 0.7459411941822317 0.19006980899516646 0.22253021049385388