3 0.4078125 0.28359375 0.1453125 0.1703125
3 0.565625 0.375 0.1203125 0.12578125
1 0.5515625 0.896875 0.1140625 0.20625
0 0.4828125 0.8890625 0.0609375 0.11015625
1 0.58828125 0.18203125 0.178125 0.27109375
0 0.4203125 0.11015625 0.04765625 0.09453125
0 0.68671875 0.8640625 0.09140625 0.0984375
2 0.90546875 0.46875 0.10546875 0.18046875
0 0.9875 0.67734375 0.025 0.1421875
2 0.55078125 0.61015625 0.14140625 0.3390625
0 0.2546875 0.590625 0.10546875 0.18359375
0 0.47265625 0.15078125 0.07890625 0.1171875