1 0.88828125 0.35859375 0.11328125 0.35078125
1 0.76640625 0.26875 0.1421875 0.38203125
1 0.45234375 0.7453125 0.1703125 0.30078125
1 0.45546875 0.35859375 0.21171875 0.23984375
2 0.4765625 0.1234375 0.1875 0.246875
1 0.2171875 0.32734375 0.23984375 0.41328125
3 0.659375 0.87734375 0.0890625 0.2453125
1 0.05078125 0.884375 0.09296875 0.19375
0 0.578125 0.26875 0.128125 0.178125
0 0.203125 0.50078125 0.0765625 0.10859375
0 0.1421875 0.57421875 0.07734375 0.10625
0 0.74921875 0.43828125 0.0765625 0.10859375