2 0.48828125 0.35327003331958784 0.16875 0.3736601235152496
2 0.63828125 0.7521658375553653 0.125 0.2333246285298145
0 0.8671875 0.9322013638818312 0.1 0.13559727223633758
3 0.5828125 0.9660271314328084 0.14375 0.06794573713438332
0 0.353125 0.7626186380967258 0.1109375 0.27197795157021043
0 0.46875 0.8761392319868044 0.109375 0.1703699874635877
3 0.2453125 0.786044114739761 0.1078125 0.27188702335696496
3 0.16640625 0.6978106773553155 0.115625 0.3361768438900784
1 0.196875 0.42447847743445777 0.18125 0.17871133636823106
0 0.42421875 0.12796850494805795 0.1234375 0.1879666644231918
3 0.653125 0.3541602465682807 0.190625 0.388359121007967
3 0.58671875 0.09754052203681676 0.1515625 0.16378501834240006
3 0.9171875 0.18215618058751382 0.0734375 0.245886813011266