1 0.4317056749145401 0.2592014480997012 0.24235996239076307 0.33896841645877274
3 0.34194918995823487 0.3944540514905233 0.24039298244902269 0.16411396567298447
1 0.33931931730091514 0.7261578157585469 0.26684783386094857 0.2152783593866781
3 0.297835196292948 0.9184566317219817 0.18823944906292792 0.14139990363849114
3 0.8132271448936574 0.4466220955374485 0.1383998880967261 0.35909251778268025
0 0.7185140384671668 0.4572749592673529 0.10903533386094857 0.20792812406898661
0 0.6069808080632081 0.32203528019318634 0.12520590314042082 0.22740587014004526
0 0.027834180324816417 0.43206548325077704 0.055668360649632834 0.18586903349844594
2 0.07265324416075875 0.1575170934660247 0.1453064883215175 0.2209033130679506
1 0.7536956498417154 0.04545470233822883 0.18479620031656907 0.09090940467645767
0 0.23074989482715053 0.012657280707660376 0.07443771034569897 0.025314561415320753
3 0.5167492984962967 0.5540537216733498 0.24001254922121246 0.20466619106587877
0 0.7967824763138307 0.6900274931800837 0.08493259263643722 0.13034677956950452