1 0.32896644768090716 0.6415688000427813 0.3830310554149555 0.5915926104201356
1 0.4564362446233165 0.06290660670059103 0.20974748924663303 0.12581321340118207
0 0.08041955417661044 0.08161171898275335 0.05771410835322088 0.1632234379655067
0 0.8549660215022248 0.6217676447516602 0.11614303846084476 0.15040672249741008
0 0.778290051486014 0.5556568012856355 0.09971751778268026 0.13249147642635145
0 0.7139684164587727 0.2000639268023642 0.0937586162111037 0.138450377997928
0 0.4805758736547018 0.23207386786824274 0.22679805624352514 0.2834076211735025
3 0.8386173519430802 0.10475477367834704 0.20328347353086745 0.20950954735669408
3 0.5557408093438969 0.5347044081911143 0.21971330231458364 0.29866874813797323
3 0.07955929900481473 0.5482705260548479 0.11807371960192588 0.22533394789030403
2 0.0920700692686944 0.7160209522335304 0.12941363399378406 0.2679580955329392