0 0.17911614164492265 0.9724179010261805 0.06501299480421992 0.03739220364722229
3 0.5194305131646771 0.7250454064414231 0.20585578813517139 0.26686411094166684
3 0.41798834546397945 0.6843678146857982 0.1597677559520847 0.18779355357097244
0 0.7301662813499076 0.594154509880555 0.0868330005042031 0.1486570119678472
0 0.8933543322224278 0.6897365007624993 0.0887561334239237 0.13154224715020835
2 0.7785373514160642 0.8606510256481243 0.17340392105489233 0.2489492591180557
1 0.6886496787716879 0.9292575149145481 0.17505426634364482 0.11639133225631966
3 0.964192084064013 0.9498368929549645 0.07161583187197387 0.060176393426736044
1 0.8026654501358861 0.17616561645381879 0.1694812455605245 0.259777656344514
1 0.7832931012408373 0.04173546490421846 0.1458366599070276 0.08347092980843691
2 0.6545668037225119 0.13970405243361056 0.17042103268729 0.22860039152687514