0 0.4529297659967771 0.19899598513407132 0.10559609456891898 0.18044618676785787
0 0.5254564843561588 0.13135088730151812 0.06263577886860805 0.08516817885919248
0 0.057266782417077125 0.87682514376449 0.10533848933548198 0.1492598537640525
0 0.1737339455994916 0.8977995355518132 0.13898544724210718 0.13816052768032883
0 0.2973387745951565 0.9434237588600676 0.0972992052052021 0.0647575197716634
0 0.347739134949091 0.7605502504571106 0.13132413666229378 0.19396485870696817
0 0.3948801744822171 0.8209810730807929 0.11120905773721593 0.16976335475263546
0 0.4218283533084728 0.6928414856283629 0.10231990514873242 0.12419618676785796
0 0.33960665848543997 0.6057818374152488 0.11930998407381015 0.14827035672980174
0 0.5246634689240791 0.5062726328528939 0.12634821032569957 0.21558519072219054
0 0.47254098485026896 0.6518053087463368 0.076409852532014 0.10755251482874754
0 0.5068635059675436 0.7182142173395742 0.14206421558737148 0.21778436068413445
0 0.5161860270848181 0.7856417978719219 0.11504668927901225 0.20888952174882985
0 0.48759204827267977 0.9286569688224489 0.11042083148532633 0.10270318874502422
0 0.5802954877634535 0.9428056990507855 0.11770271046687383 0.06714769072219048
0 0.5689022324311945 0.8707861190127293 0.1542911998023559 0.21360619665368966
0 0.6213369876928664 0.8670907746402172 0.05765985253201382 0.10678851087441502
0 0.6527165193334847 0.9305020172258434 0.07816977360693614 0.08424234882113665
0 0.5824844032237682 0.5974441195070209 0.11454688936371689 0.12001802273741298
0 0.6154796427710116 0.6732598615983556 0.10873650512049746 0.1540746877564411
0 0.6079232899566491 0.4818363655526882 0.1069919945971538 0.1508860207602467
0 0.7470536793909531 0.434859253385679 0.0980874314570915 0.1318176857792747
0 0.1529124823606074 0.8136937909890207 0.09110938936371685 0.11906301779449713
0 0.6708133429263035 0.8338989312562883 0.08602704721387226 0.16561968281352507