1 0.48671875 0.35 0.15625 0.35
3 0.628125 0.34140625 0.125 0.22734375
1 0.721875 0.41875 0.13515625 0.3421875
2 0.1796875 0.70546875 0.13671875 0.3453125
1 0.29921875 0.7625 0.15234375 0.378125
0 0.2515625 0.9046875 0.05859375 0.11015625
1 0.64375 0.959375 0.1671875 0.08046875
0 0.703125 0.79609375 0.06328125 0.1328125
0 0.3265625 0.6234375 0.05234375 0.1
0 0.82109375 0.2 0.065625 0.09453125
1 0.26875 0.96875 0.09765625 0.06015625
3 0.5234375 0.709375 0.1640625 0.15
2 0.49921875 0.609375 0.17109375 0.19765625
1 0.39765625 0.9515625 0.146875 0.09609375