0 0.8089200760182415 0.4108236403229485 0.17643109604505716 0.09642569990914293
0 0.8775168927302033 0.4723100169626286 0.0818398618844988 0.057219357756487635
0 0.13090542859646098 0.11154060832231447 0.17061813861970415 0.10234815128862396
0 0.11544395558376766 0.22683141564926074 0.16041261213660052 0.1345055540475859
0 0.07709128578938299 0.3511630303031533 0.09082137797604237 0.09660940637700666
0 0.26794016091543377 0.37801437811001826 0.18766352698730665 0.12347952283992143
0 0.21133488183444013 0.4319482835825136 0.16447739926336585 0.10358310266810489
0 0.3358649882710575 0.44110419832726333 0.12196211733238069 0.0966846494796016
0 0.4150119028696621 0.35070384837269175 0.14158620248167447 0.11016729534115868
0 0.518382193350622 0.5170071997976013 0.2073204631253361 0.11516905585660826
0 0.3774240575809095 0.48597296302658427 0.10469820767745457 0.07242827792830404
0 0.3159291827069603 0.5260490863869042 0.20997556956195362 0.13087594301173802
0 0.25134215882174676 0.5443320969023537 0.2020866599070276 0.10711089439121899
0 0.09846853109780598 0.5335251509499397 0.12897694183801275 0.10794969810012063
0 0.0876181484301866 0.625050909656367 0.09525750569998319 0.115523180687266
0 0.16939267231540014 0.6058671404344901 0.21252141535490923 0.14502033016686777
0 0.1783031325907448 0.6547992853915361 0.10338707995351379 0.05367827792830404
0 0.11284737739496468 0.6942988766396802 0.09230746832111633 0.07333568068726617
0 0.4344713690970915 0.5841338240624323 0.11480518119435104 0.105650213703953
0 0.3629295048668039 0.6263047139310955 0.14874313861970415 0.10120173111680746
0 0.5466107361773705 0.5955073360482199 0.14707137797604233 0.0995573439616777
0 0.5970856196012946 0.7230248264372815 0.12788433540139543 0.09232469810012063
0 0.20822703528517988 0.19687724276391078 0.11327553218308675 0.08377521370395291
0 0.2119404412569351 0.6985149858665058 0.1596042289647781 0.07841932835784551