1 0.5149067000206846 0.8255874426917489 0.22294833559393473 0.34882511461650234
1 0.19093361148607385 0.8274993860200445 0.17363000904511156 0.24406017735518085
1 0.7944680472617225 0.8423298807685862 0.2271710888732951 0.22282152402927125
3 0.9309279740500603 0.3146605087921306 0.13814405189987938 0.36566245735199915
1 0.9804498971047526 0.7120264047978576 0.03910020579049487 0.330469297342454
0 0.5126216672311404 0.3807362107335878 0.09329405585660826 0.20096361067790855
0 0.7177695126631563 0.34720773742835925 0.1026823439616777 0.1417340613462721
2 0.5855213359326189 0.5799009640754056 0.2561769154221182 0.32934424403245294
1 0.37691537708990613 0.8156095553787253 0.16834936680159912 0.322076089353908
0 0.4615094623451565 0.9372743753580444 0.10367163387576941 0.1254512492839112
0 0.5488402917231141 0.043863466740905674 0.13518058344622813 0.07652723201781736
0 0.641355340343633 0.051186165420086915 0.08583568068726599 0.08844542934436313
3 0.2785089388278665 0.30852321403563476 0.18078741180407354 0.23165108402290802
0 0.6811292435528209 0.9144037807526779 0.09289126413349429 0.1634817920114539