3 0.8133750771609055 0.7860253254013874 0.2754521311235309 0.15292667624907352
0 0.9022977124336216 0.6711220782761093 0.11299875269929238 0.09835817049962933
0 0.8458593808998163 0.6064157378424984 0.18437684523075965 0.1185722171537961
0 0.5534313920979711 0.7915946543361099 0.13165366431700995 0.07826028397749969
0 0.3619696329744088 0.5680130169655084 0.18944285352912935 0.10349402130083299
0 0.06380943318883465 0.5491688147974536 0.1276188663776693 0.09001799019805538
0 0.9075959059954183 0.9436901453826371 0.060489059337988135 0.08134703628657398
0 0.6301463348345754 0.8793085592843506 0.12564046265733603 0.08083847983046262
1 0.6660939836037532 0.31150590461893385 0.22547544191141178 0.1283764441095366
2 0.06717567530306119 0.7464833122055554 0.13435135060612238 0.17210732026407385
3 0.4508499211422653 0.8376699890202769 0.14524441286711748 0.17568208812453676