2 0.8497076886149951 0.7899125949411658 0.22521012002052565 0.31379188045579803
0 0.478618483794535 0.7755729333449979 0.18915444535249043 0.29201503954332697
0 0.9945737192583997 0.9099597925834386 0.010852561483200773 0.09907416996194378
0 0.20480619554888216 0.1629960430033681 0.11181926483072288 0.15608285672980177
0 0.6925283884654856 0.08679822931411543 0.07255677693097126 0.12011618182494202
0 0.6456942950813439 0.09191946942828369 0.06951359016268785 0.1340513478325532
0 0.6030028010332723 0.13782487703293791 0.1024715359079618 0.16038835475263546
0 0.5558606772021177 0.35850745015091173 0.10227154800821019 0.12601335475263548
1 0.7102072887366322 0.30621673277415656 0.2377464814568439 0.3205512164253531
1 0.5449630420562819 0.09640669817374543 0.20242608411256366 0.1566505425090765
1 0.34492213544042355 0.08122607266086332 0.22262040944452863 0.1371657134596036
3 0.3609971082148647 0.15920649262280723 0.18355790944452863 0.1355740385547438
1 0.5497430082896194 0.5152521986680371 0.25496125253408264 0.3259390533834914
0 0.40335434250037894 0.5928612510257641 0.11647040339440444 0.15002385771838506
3 0.1385792910743232 0.7281316116727177 0.0772806383672898 0.12655718281352524
3 0.5239769564707802 0.9070643779843401 0.1918067466803503 0.1858712440313198
1 0.2368542063725843 0.9667192677944971 0.125427246876742 0.06656146441100574