1 0.48916985973273236 0.4821125455884567 0.2874840484405755 0.25239064485894736
0 0.21316448075980915 0.2875166201439622 0.16399351581733076 0.08813721303635713
0 0.0687499303792483 0.45607478575569493 0.1044566897336074 0.11753792848861022
0 0.17596693380210837 0.06715619378138385 0.1834438527754691 0.10685526212797156
0 0.2186026221272031 0.9596147607508456 0.15022017589344294 0.05586684697528099
0 0.09006378665193955 0.9599172628768777 0.10321784190105418 0.04891547424624463
3 0.829938075663794 0.6886665949699352 0.28726918973360754 0.13246078213185086
0 0.9681782915204934 0.38881063193357807 0.06364341695901317 0.15337983363936125
1 0.8239335430033681 0.13732736451477257 0.2697872124710205 0.2384876415249674
1 0.9254111768820262 0.12774545723798963 0.14917764623594748 0.22499948424818447
0 0.9196247391441755 0.24973202754143137 0.160750521711649 0.07796498758216437