2 0.8875 0.2328125 0.225 0.190625
3 0.25234375 0.40546875 0.225 0.15625
1 0.9328125 0.553125 0.134375 0.171875
1 0.77421875 0.765625 0.3484375 0.13125
0 0.7078125 0.27734375 0.178125 0.0875
3 0.109375 0.3421875 0.128125 0.134375
2 0.6984375 0.14921875 0.209375 0.16875
0 0.7796875 0.55390625 0.1671875 0.090625
0 0.60390625 0.59375 0.146875 0.084375
0 0.325 0.01875 0.1375 0.0375
0 0.9203125 0.81640625 0.1328125 0.0546875
3 0.35625 0.78046875 0.090625 0.128125
0 0.059375 0.22734375 0.11875 0.05625
0 0.58359375 0.2453125 0.159375 0.084375
3 0.79140625 0.34609375 0.315625 0.05625
0 0.53203125 0.8203125 0.275 0.1421875
3 0.78984375 0.9859375 0.24375 0.028125