0 0.35546875 0.92578125 0.0625 0.12421875
3 0.33359375 0.6796875 0.07109375 0.2046875
1 0.39765625 0.76015625 0.08515625 0.26328125
0 0.73125 0.65859375 0.084375 0.1734375
2 0.790625 0.0359375 0.084375 0.071875
2 0.43046875 0.0953125 0.1296875 0.190625
0 0.48046875 0.13671875 0.09296875 0.16171875
2 0.33203125 0.39296875 0.1234375 0.2
0 0.57578125 0.703125 0.07734375 0.15703125
0 0.83828125 0.678125 0.0953125 0.1359375
3 0.54140625 0.33203125 0.15 0.25234375
3 0.30546875 0.17109375 0.13671875 0.14453125
3 0.89453125 0.2453125 0.13515625 0.29609375
3 0.9296875 0.52421875 0.10390625 0.234375