0 0.5325408309893057 0.2126019967568844 0.09157039734428025 0.16408186525911975
0 0.4665794877033599 0.15593498539279868 0.05356133723582168 0.07592730032431154
0 0.8845099354917373 0.8135512475709585 0.09780221662612121 0.16106595941492116
0 0.9944959303253758 0.5826676659970589 0.01100813934924858 0.15024546185055315
0 0.7816440107255063 0.8598825511416811 0.1354476623713948 0.1867205243497292
0 0.6678769473955939 0.9126547694850558 0.09756586729005079 0.12044095941492117
0 0.6190934928697213 0.7197366124230412 0.11664312021691714 0.17701824188232518
0 0.574903131335207 0.7791076582831259 0.09933744554888228 0.15640573295387128
0 0.5523508995837754 0.6630832378284307 0.09127041549465283 0.11251936525911965
0 0.6291992250139362 0.5765769476503888 0.10546018052176756 0.1346398271096728
0 0.46155266188041555 0.5005889663180753 0.10893061416679295 0.19406937418757336
0 0.5060571616840239 0.6295128072274657 0.06775110226293642 0.09804776217486477
0 0.47439407122674837 0.6933531647759477 0.12458288524403187 0.1990296095770768
0 0.46460143558993305 0.7560304427791248 0.10109084308955403 0.18924550649282174
0 0.49128263113881526 0.9102679293864444 0.10707722267624523 0.14404210064862327
0 0.4070439865250095 0.9351782004897625 0.11629768657189174 0.11764324188232536
0 0.414320155339312 0.8428543327950109 0.13708288524403187 0.19924779788867966
0 0.367422429441613 0.839766288963521 0.050563602262936234 0.09774775324641079
0 0.33655876970249676 0.9067180097425279 0.06924996974937896 0.08713753571381488
0 0.40737422198887413 0.5890435401813371 0.10061814441741394 0.10799550649282175
0 0.3749844236860763 0.6622725344992942 0.096121541958086 0.1407261858759707
0 0.3856714179305398 0.4847242329571667 0.09298745159900638 0.13910913879807013
0 0.258913475210328 0.4533396396121443 0.08663745764913049 0.12181254464226865
0 0.7966372307694729 0.7510160657521776 0.08030564441741408 0.10764095048646745
0 0.3219553933372595 0.8139947215930811 0.07431017447164337 0.15128185633066593