0 0.10029491578924046 0.09182045136742753 0.13954428903121974 0.09416407242947364
2 0.9286597685431561 0.38689099867136584 0.14013516237139498 0.19572657242947367
0 0.7621378055312723 0.9152652299357775 0.30883062021691715 0.16946954012844487
0 0.20987132358344912 0.8722250416747486 0.18643746974937897 0.10111544515850994
2 0.15321680260440612 0.9345423554551626 0.25223518657189176 0.13091528908967476
2 0.3925490308397962 0.5072690766815374 0.3683965177575891 0.2377857530441158
3 0.09524380142605574 0.4039378140945239 0.19048760285211147 0.22350062818904778
0 0.032171108804039825 0.24727348378914252 0.03659200585373248 0.11543355242559432
3 0.7315888049420971 0.5388527560882317 0.35724084913967824 0.19939293274067396
2 0.5952780793389858 0.7262575480528444 0.15388859016268802 0.14374948424818434
2 0.9216835815784808 0.24250326988319312 0.15536018657189174 0.12825203000581897