0 0.875671301294782 0.9102677341364493 0.08596135771838505 0.11846231252120454
1 0.7478394144503744 0.7735266806857375 0.16225855536065764 0.267792679126093
0 0.7427446906478284 0.6496625947508881 0.12017453163466171 0.15398315027015244
3 0.4664633053234767 0.12618301016680103 0.1951983893530466 0.25236602033360206
0 0.27430102714885624 0.2564483743246188 0.07336319863085591 0.15390873920022677
0 0.4132932484799442 0.38733873185901463 0.08981586958138302 0.17476687622353532
3 0.1908650805323477 0.010716755990449776 0.09014483893530464 0.02143351198089955
0 0.34981179684615765 0.9496948881196168 0.11048651384016442 0.06938989546082937
3 0.25302432156073695 0.8360540287711224 0.18470655832640726 0.28261907095872507
0 0.2552685483662135 0.5512251609851078 0.13139587452429896 0.19962303248413776
1 0.5054104698110322 0.5198660004633362 0.12686488342154761 0.24159227767481414