0 0.27455561416679297 0.16986699241395634 0.22255677693097126 0.135298997584104
2 0.26006132211051114 0.09679615423266714 0.19582156010845858 0.10344321970431691
0 0.39146183391617195 0.2463023334701834 0.21150110226293634 0.11409367728066225
3 0.36796122228346173 0.3717167927135187 0.11602497579950315 0.07818838606495557
1 0.5851487222834617 0.35398793240231835 0.18886355386194253 0.24968049091614422
2 0.6654396894005621 0.18251180300532246 0.23503859621281203 0.1331943636451803
2 0.8626197373105764 0.3532235604221883 0.26838742739850935 0.22806032455550557
3 0.6186005299560333 0.07017774014299237 0.3304874515990065 0.14035548028598474
2 0.5385039637974506 0.0191493863548197 0.13950792759490122 0.0382987727096394
0 0.8056152375069681 0.22812770769703156 0.19291472872636958 0.14068812818904783
3 0.2512923936318471 0.6047839974149262 0.22777151775758914 0.2263066348570076
1 0.7221003182016863 0.6515489743669309 0.2618374455488821 0.1759876415249675
0 0.7466241161117007 0.836354538002413 0.11602497579950324 0.07818838606495575
0 0.9495834061248789 0.6570184979946543 0.10083318775024211 0.15229556576151387
0 0.9427266246563144 0.428749976782827 0.11454675068737111 0.11243584030732112
1 0.4558430173648057 0.4301992302859848 0.14131586729005097 0.1302291181871082