3 0.50546875 0.76015625 0.1765625 0.2109375
0 0.496875 0.58359375 0.096875 0.15
0 0.3328125 0.2484375 0.06796875 0.11484375
3 0.1671875 0.06484375 0.11484375 0.121875
2 0.53515625 0.065625 0.1234375 0.13125
1 0.84453125 0.95078125 0.1234375 0.0984375
0 0.13984375 0.55625 0.0484375 0.12421875
0 0.23828125 0.978125 0.03828125 0.04296875
0 0.6015625 0.44921875 0.08359375 0.134375
0 0.9359375 0.08359375 0.078125 0.09375
2 0.096875 0.48515625 0.05390625 0.19140625
0 0.11171875 0.29375 0.06640625 0.14765625
0 0.38515625 0.4078125 0.0703125 0.16015625
0 0.2171875 0.40390625 0.078125 0.11953125