2 0.37145319913315844 0.3422768409482548 0.3981250926374552 0.2303794090517453
1 0.7038183970234626 0.2325599107210749 0.2582235306029618 0.17801695745273882
1 0.8071531046336766 0.3616110855855016 0.3524444114963742 0.15513396935659554
2 0.14599728081235888 0.83108130747618 0.29199456162471776 0.18158738504764002
1 0.3061534150155399 0.6542910276183423 0.3843879243166556 0.20374418617910822
1 0.17753826344396334 0.6487909822424107 0.25746155128112636 0.1951953670936593
3 0.13482541739204076 0.7224966478352595 0.26965083478408153 0.07818967427525152
3 0.5536747702683888 0.7731308894474443 0.2661044971045158 0.11245558996629619
1 0.6214487752307876 0.69307068472518 0.3424144400324213 0.14101692720211786
3 0.8632639017809736 0.5487338356836975 0.2237329065339754 0.07471924063022613
0 0.902140157157657 0.6195821459885478 0.13659677956950453 0.08202268052176756