0 0.1625 0.0578125 0.059375 0.115625
0 0.0640625 0.19921875 0.0484375 0.075
2 0.3375 0.0953125 0.1671875 0.190625
0 0.62109375 0.0671875 0.0875 0.134375
0 0.6265625 0.29765625 0.121875 0.1875
0 0.89921875 0.16328125 0.0515625 0.1
3 0.8890625 0.38203125 0.09375 0.1859375
1 0.74921875 0.31015625 0.1625 0.3109375
0 0.80859375 0.565625 0.08125 0.11875
3 0.63671875 0.7859375 0.0859375 0.175
1 0.446875 0.81953125 0.2 0.29375
3 0.13515625 0.73515625 0.125 0.153125
3 0.18359375 0.92890625 0.128125 0.125
0 0.09453125 0.9203125 0.06875 0.146875
3 0.01484375 0.9515625 0.01875 0.096875