1 0.5557221234985347 0.2408342674234049 0.2542152450942652 0.3871948210963462
3 0.299133883878658 0.17504407695644225 0.2913438774900484 0.22749844848652714
3 0.0969094920913346 0.21847749460132918 0.1938189841826692 0.2851526573089706
2 0.7648928295437646 0.06703222932816735 0.15146434091247088 0.04554993676633483
0 0.6985409762740038 0.1575582973421945 0.07553319368794006 0.13263082973421944
3 0.685103286997507 0.6603526303156164 0.15386241802195855 0.41037390036914034
0 0.5629126106097724 0.6987364049926187 0.10454953163466155 0.15630816162790725
0 0.6191825152486772 0.7595225131044683 0.11053954646340927 0.22682092072720597
0 0.9330447439941387 0.880680126458105 0.07457287155854928 0.18555557063492084
3 0.87433824745418 0.8604689535714309 0.09016869665368965 0.14759449568106325
2 0.5392854737281838 0.9301635710963462 0.20381470258518863 0.1396728578073077
0 0.39943906513494637 0.904448579577336 0.14938187056996624 0.18567428901808825
2 0.35343154536328286 0.9811264913621267 0.1133568458553869 0.037747017275746586
2 0.2543520582148641 0.915432837753784 0.21207287155854945 0.16913432449243188
0 0.07518316445037436 0.8076901889258032 0.08838070357377185 0.18020673658176456
0 0.02954428406893847 0.547815738741233 0.05908856813787694 0.16125647748246602
0 0.31282903897467335 0.6270967327242534 0.11711319863085592 0.1586716980251019