0 0.7190869028555413 0.5910961266020535 0.32359622303829666 0.22319448565684769
0 0.7512468590547607 0.9319641740623155 0.1532522878817268 0.0832539880191007
1 0.8626137622486578 0.6078967022852839 0.18478881455356594 0.22146331614940157
2 0.3538922086151155 0.5508754422033009 0.27592425546001176 0.15453376569391467
0 0.4610823105913662 0.373410151914615 0.16712334030732112 0.11957343393541642
0 0.19218878937953882 0.3750098905666876 0.13160042848861025 0.10431053248413757
0 0.609775159982543 0.4414458453838602 0.16505065727678297 0.1132688702330856
0 0.08501298666408044 0.06558530526481036 0.047289330305381426 0.0639732199629331
1 0.10318941756858668 0.18647815862285494 0.16731453000581903 0.1600893065307547
2 0.5697069799961207 0.08353543593877405 0.2676971672787225 0.1670708718775481
0 0.16237503300144315 0.7593303268643568 0.18520366061076282 0.13111113466105576
0 0.13877842314928468 0.8575322138876654 0.179368248792052 0.11688494355406327
0 0.92444343786233 0.4039706049176891 0.09014625212603207 0.1309077488188736