1 0.6249832465388695 0.9154937825488826 0.29042610001590835 0.1289658942959626
1 0.7462411758832326 0.8293414238419146 0.3770908533577263 0.19496757908665394
0 0.9526377212365045 0.6741260473404493 0.07919769867918128 0.09537084980971962
3 0.8825205039783647 0.1233394801539744 0.22118520401018138 0.08397704646340919
1 0.7598898839513204 0.32746058886094254 0.35045562802354446 0.18763524015134933
1 0.5203204959818645 0.11232897327107323 0.28010676535645357 0.1816452253226017
3 0.35790976062222934 0.31260484038099834 0.1862658586887263 0.17001270555093823
3 0.24871766864259204 0.16712519711080018 0.36546246268299926 0.13514691011329322
0 0.11005406329568354 0.2727278927759066 0.1791795173456358 0.09788303756616061
1 0.16600379762095666 0.7399034639167141 0.3320075952419133 0.16062707117798852
0 0.4017462885503235 0.8402549965027777 0.124619286680454 0.10659219269935685