0 0.3821280449805345 0.24376468607465393 0.10544086958138302 0.17991038273097573
0 0.42103669467652327 0.16673967153078642 0.059497016805913995 0.08427914727484324
0 0.29716136224137135 0.9358255428826965 0.1090460306460784 0.12834891423460704
0 0.08191441113905744 0.7682077371231223 0.05161553262324477 0.15838632697140156
0 0.41497094475088536 0.9359369842481844 0.1484268656270503 0.1281260315036313
0 0.5455179491995097 0.9630891577358248 0.10920785672980174 0.07382168452835032
0 0.5123049066904332 0.7823166162302542 0.13244903855474383 0.19301616061076282
0 0.5795852485914873 0.8282985380509047 0.11130886760421674 0.1710455657615139
0 0.5519629728883249 0.7045741245652039 0.1017136917107738 0.12665783697334126
0 0.44195396151961824 0.6418672172884209 0.11660386266130085 0.14811824879205204
0 0.5706307653602203 0.512992402444991 0.12546420950527093 0.2126909318225902
0 0.5834875455120071 0.6565351083543464 0.07763952174882985 0.10911965060882309
0 0.6402123893902276 0.7109992098715552 0.1412165434976597 0.2170913893989354
0 0.6761299847513229 0.7707726936606976 0.11746070851668762 0.2073657030344176
0 0.7147507688574424 0.9277572422086813 0.11861203163466154 0.14448551558263745
0 0.8102542698460257 0.933377307740674 0.1296131986308559 0.1332453845186521
0 0.7592409150933902 0.8421850501788762 0.1553427104938539 0.2198018012176462
0 0.8036939106447658 0.8247901271502777 0.058825854752635465 0.10602660151720888
0 0.8613591720134725 0.8832242515463037 0.077130185779275 0.09661965060882309
0 0.6599916957022876 0.5849149419937076 0.1108976907221905 0.12273561151914833
0 0.7217542080595771 0.64835543078382 0.10754719764227279 0.1551654742462448
0 0.6375025889724857 0.4725106657809105 0.10592103064607841 0.15347542848861034
0 0.7451930721665717 0.40187891457296254 0.09728085969555131 0.13252519970043758
0 0.3562551779449714 0.8700244260727142 0.08889535672980182 0.11782497091226496
0 0.8363180682494201 0.7846273838182375 0.08768036661563343 0.1644448793969957