0 0.2563865128717619 0.3670627937984502 0.17609074855010745 0.1076889913621267
0 0.17989579046616355 0.40414368676633483 0.08238737012586883 0.06125647748246603
0 0.9399164502097814 0.29883984114064466 0.12016709958043706 0.11173614126984166
0 0.9397989736549981 0.4165582672665214 0.12040205269000381 0.14817428901808824
0 0.9648357850675788 0.5443723866371378 0.07032842986484233 0.10817105027685514
0 0.7887748056130105 0.5084687577057975 0.19216603444287905 0.13515265730897053
0 0.8343133711747761 0.5759158759966798 0.1688702444009224 0.11500084361388012
0 0.7107215832074122 0.5454495211240327 0.12296574855010753 0.10428458667404979
0 0.6495454396363266 0.43579511643595586 0.14735044191141178 0.11828652991878959
0 0.5205468691001836 0.5596960865171663 0.21032403859206372 0.1285417119047624
0 0.6632079657808357 0.5750578755352544 0.10700886182749905 0.07838342072720579
0 0.71651148715146 0.6321182063492081 0.2146330302936942 0.14436697100406093
0 0.776088319309965 0.6693666849114083 0.20348204274124876 0.12032869370616517
0 0.9301545156713006 0.7124424637504637 0.13969096865739877 0.12044980721668566
0 0.9354228174358653 0.8064427876245869 0.12915436512826944 0.13294980721668556
0 0.8462483765733608 0.7539407464470305 0.21726112282516122 0.1585296005537103
0 0.8285290029230069 0.7971202475267647 0.10414397095570598 0.06109579117755661
0 0.8866384234637943 0.8560434669896662 0.09618976099766208 0.07924501387966068
0 0.59190257345915 0.649788962827613 0.12043274440092269 0.11189682757475125
0 0.6540958427551817 0.7113062561646379 0.15457094606059663 0.11097467766703613
0 0.48116598300227514 0.6248111443521606 0.15120914772027055 0.1076494185677376
0 0.4105476749136868 0.7291296020948699 0.13042305103961843 0.10009773442229637
0 0.8759760398414637 0.35623323410852936 0.11721265601864025 0.08992169802510182
0 0.7889462846665936 0.8287917496862329 0.1622883576783142 0.08970045496493206