0 0.37109375 0.49453125 0.08046875 0.15
0 0.371875 0.6140625 0.08671875 0.109375
3 0.09921875 0.328125 0.12109375 0.21171875
0 0.10078125 0.5859375 0.0734375 0.11640625
1 0.68515625 0.28203125 0.17578125 0.20078125
3 0.659375 0.5546875 0.08828125 0.346875
3 0.53828125 0.7 0.08671875 0.2203125
2 0.44609375 0.6234375 0.1296875 0.33828125
3 0.53046875 0.9046875 0.17734375 0.18359375
0 0.8109375 0.67890625 0.0625 0.1171875
1 0.39140625 0.059375 0.14453125 0.11875
1 0.2828125 0.03359375 0.07109375 0.06640625