2 0.8254026459854961 0.617136083130605 0.19704208974197107 0.34011698165323556
0 0.8864643862655864 0.8549269746211527 0.09939218610347993 0.1552238311856975
0 0.40127605706758535 0.9172880148307229 0.1187243829603268 0.16542397033855422
2 0.4989579241072587 0.7519185866466465 0.21393418320799573 0.2667976563212706
3 0.18529783849911677 0.7922698341125637 0.19158399420903177 0.2229294816532356
0 0.07078803638942092 0.899386921642973 0.0319863622821623 0.15014544574527378
0 0.0811861889944548 0.9883494276930971 0.02452911910658786 0.023301144613805745
3 0.08972835752465136 0.4675829306199633 0.10216192927905432 0.2817681504675381
0 0.2859740031003719 0.2875237676593933 0.08067641935425689 0.12231133723582169
3 0.2011367384180635 0.4447999364736958 0.18827490363849114 0.18542039129415605
2 0.4626498573197636 0.07298506556940762 0.13779971463952717 0.14138859016268787
0 0.2086515620344933 0.05276242739850954 0.10051373035529283 0.07868860226293631