3 0.7197079261398647 0.04524612862032031 0.08870914772027057 0.09049225724064063
1 0.2862908522797295 0.09501940929345638 0.13913612282516122 0.14680336935072646
0 0.14800683443359014 0.2511795973106374 0.09675844606059655 0.10259883601209037
2 0.20027696160842887 0.39575575330204693 0.2544580825827123 0.4119749306969986
2 0.09605383213528308 0.9058943693109555 0.16110621120744356 0.16891472668681756
3 0.41588200267607045 0.8467529899347757 0.23643994316081152 0.29780334269572595
3 0.32832741616788785 0.5909671612826386 0.26918066556640985 0.25603401336727105
3 0.4817735701119357 0.5025393659293669 0.22365652324472407 0.3351215293602715
0 0.5808864989510928 0.46157746391632204 0.1545727912913561 0.2063056386855447
0 0.6116009348392198 0.6227962272438223 0.12673121120744354 0.16851473734881744
1 0.7800395910583527 0.8206599205522325 0.2049046780139646 0.23186926002545327
0 0.707610329235498 0.7051990998965957 0.17585579544054114 0.19874767735518084