2 0.26796875 0.85703125 0.1328125 0.278125
1 0.4625 0.67578125 0.1140625 0.32265625
2 0.5984375 0.31484375 0.1078125 0.196875
3 0.37734375 0.79921875 0.0734375 0.19921875
3 0.59921875 0.46015625 0.10546875 0.140625
3 0.125 0.646875 0.09765625 0.18984375
3 0.86328125 0.253125 0.0421875 0.26953125
0 0.86796875 0.0390625 0.0484375 0.07578125
0 0.5625 0.67890625 0.09140625 0.146875
0 0.12421875 0.875 0.05859375 0.1109375
3 0.8171875 0.453125 0.1015625 0.30625
0 0.625 0.80390625 0.146875 0.2609375
0 0.725 0.9203125 0.0984375 0.159375
0 0.6328125 0.9171875 0.1125 0.165625
2 0.75859375 0.50078125 0.14453125 0.2984375
3 0.490625 0.05859375 0.0703125 0.1171875