0 0.5541941595416409 0.7452568784042695 0.07329641066226814 0.15905134783255334
0 0.4967704529568656 0.8147045567691704 0.04579588479802066 0.07209517589344294
0 0.8256782984297896 0.07723570821377035 0.07941001834240007 0.1544714164275407
0 0.9806145363555956 0.276854457910853 0.02458612602253183 0.14770267095052708
0 0.7154909561890639 0.07008043005774041 0.11414873119538153 0.14016086011548082
0 0.5961104703748289 0.04138573292834972 0.08429609514371954 0.08277146585669944
0 0.5731717608870597 0.22712896091378357 0.09696123119538136 0.1678188527754691
0 0.5215470764056083 0.17773113878439287 0.08235316191590947 0.1484958498097196
0 0.5149668043022844 0.2966084727767816 0.07951766693047428 0.10468218281352523
0 0.6026964733443296 0.36560387049560417 0.08952916442319178 0.1269391847906915
0 0.4457668602539215 0.47578131962075176 0.08817726458147632 0.18774935079830274
0 0.4723557554767833 0.33970189817593305 0.05732441818411545 0.09285334486680367
0 0.43263167742182257 0.2835765735750844 0.10228522868809904 0.18988485376405223
0 0.4148735275801071 0.2234349110275143 0.08027383636823107 0.18430601581733078
0 0.4202466523489979 0.06687383496238145 0.0898019490629279 0.1337476699247629
0 0.3333604177884041 0.05589321984821318 0.10202916442319179 0.11178643969642636
0 0.3530387688046185 0.14948275787148435 0.11473976458147632 0.18883168973360745
0 0.3066267700582597 0.1622984342592189 0.04018238229073816 0.09371550790866538
0 0.2677976022698556 0.10223502616027307 0.06013116943775678 0.08204317885919248
0 0.3800485835317441 0.4012070839552077 0.0902733105039836 0.09887785178688588
0 0.3382535401165194 0.33580225984865064 0.08038148495630519 0.13436968281352524
0 0.3714882742814018 0.5076799184418881 0.07872805674305985 0.13118101581733085
0 0.25041124465623066 0.5656754436507591 0.07354045157021041 0.11380251482874755
0 0.7453028251519669 0.15768925832859487 0.07005173871722903 0.10117518083635887
0 0.2650242917658721 0.1975475261602731 0.05735316191590929 0.1474771778706093