0 0.21355925428884168 0.44341993491972254 0.18843636635259242 0.11572061922731454
0 0.16676004114106352 0.6553430279452317 0.19368979434509231 0.15804482026407368
0 0.13379525890699012 0.30554807950037055 0.16242067049962944 0.11964670160240712
0 0.47784061894449054 0.06289593897222312 0.12788984561740727 0.07941268086722197
0 0.6356538274741202 0.0147638907160422 0.15954994872768502 0.0295277814320844
1 0.5637650143736103 0.35216419905699176 0.37277028454314765 0.30860933119731426
3 0.41306911314856365 0.5912833620637507 0.2869900264846292 0.21427427935935128
3 0.7688098481628226 0.6892657834583347 0.1477717016024071 0.16488128916129607
3 0.9192399623942356 0.580752071488335 0.1615200752115289 0.19886530989648127
1 0.9315212764846293 0.42855529297745554 0.13695744703074125 0.2695879130067589
0 0.12789586489198998 0.39108503831282426 0.1964634798304627 0.13657992337435143
0 0.24522537667370217 0.7783711333645836 0.14447175287472208 0.09171719123481452