0 0.27265625 0.17890625 0.0875 0.11875
3 0.084375 0.49609375 0.0578125 0.246875
0 0.578125 0.1 0.084375 0.10625
0 0.73671875 0.16484375 0.0453125 0.15
0 0.890625 0.253125 0.0625 0.1203125
3 0.9296875 0.0515625 0.071875 0.103125
3 0.64609375 0.21953125 0.1375 0.3125
3 0.1828125 0.10234375 0.075 0.1984375
0 0.4875 0.7484375 0.084375 0.125
0 0.57421875 0.73046875 0.084375 0.0625
2 0.378125 0.66953125 0.15625 0.128125
1 0.1890625 0.9234375 0.165625 0.153125
0 0.5609375 0.63671875 0.078125 0.128125
3 0.78671875 0.71953125 0.053125 0.08125
2 0.49140625 0.9 0.103125 0.2