1 0.5875 0.184375 0.1796875 0.240625
0 0.4953125 0.634375 0.06875 0.1234375
0 0.8390625 0.73203125 0.059375 0.1125
1 0.74140625 0.79296875 0.1625 0.21875
0 0.609375 0.6984375 0.1625 0.309375
3 0.65390625 0.3890625 0.165625 0.296875
2 0.73203125 0.59453125 0.1125 0.265625
0 0.065625 0.1484375 0.05625 0.203125
0 0.34765625 0.76484375 0.10625 0.175
3 0.8875 0.065625 0.140625 0.13125
3 0.38046875 0.4734375 0.1515625 0.378125
0 0.8265625 0.30546875 0.05 0.121875
0 0.7796875 0.3 0.0609375 0.1515625
2 0.521875 0.86875 0.13125 0.2625
0 0.21328125 0.96328125 0.065625 0.0734375
2 0.20390625 0.290625 0.146875 0.1765625
2 0.175 0.49140625 0.140625 0.2296875
2 0.78125 0.92421875 0.153125 0.1515625