0 0.86015625 0.3578125 0.065625 0.1234375
2 0.8875 0.4984375 0.140625 0.259375
0 0.61953125 0.0515625 0.0875 0.103125
0 0.6703125 0.084375 0.040625 0.075
0 0.53671875 0.27734375 0.059375 0.1125
3 0.28671875 0.13828125 0.165625 0.275
0 0.33359375 0.5078125 0.134375 0.1296875
0 0.415625 0.25546875 0.1015625 0.1234375
3 0.48671875 0.70703125 0.146875 0.225
0 0.12265625 0.61328125 0.0640625 0.15625
1 0.3078125 0.68984375 0.109375 0.1125
0 0.284375 0.83984375 0.075 0.16875
2 0.17421875 0.85546875 0.1609375 0.171875