1 0.9386322573068959 0.2648970807565302 0.10466377516050826 0.26893300649282176
3 0.8884980694023303 0.45079762458802 0.14538996103647897 0.36492734496658025
0 0.6368792479747004 0.5839474951254408 0.138547851459402 0.2414080243497292
3 0.007526127841021431 0.10951136769475171 0.015052255682042862 0.15339773538950344
0 0.15049705763120752 0.19799894358660847 0.08014324188232518 0.11698867694751698
0 0.2705658701303837 0.07974559577735915 0.056814836038126516 0.12282957386326188
0 0.22164180600964972 0.4649467102257 0.07482054220663673 0.17000458279171565
1 0.1867059241114385 0.630793852677218 0.24383536931630947 0.277610351459402
0 0.4039796043086617 0.9838233952908919 0.07411933847375848 0.03235320941821627
0 0.14710981575217763 0.794996674511885 0.10393529788867957 0.13771028003177221
0 0.9356796177013422 0.9713107219902323 0.06310001785690744 0.035465941558013726
0 0.9555614695677814 0.9067942544576363 0.060512580356083846 0.15569662094116268