0 0.2318170158283126 0.039389773645709426 0.10098184740221221 0.06382754689043353
0 0.6462657049539895 0.343477896871856 0.1533625535707225 0.11460971950581333
2 0.8434719415613088 0.35428165184623345 0.3008921185055307 0.16323924150113758
0 0.5246541631543898 0.6952081854639197 0.1669341298696164 0.08755031203728052
1 0.317695051141681 0.7514618759254389 0.2803341566549776 0.14763755228901818
0 0.08828206088091367 0.619044152694648 0.1659171006486231 0.11868191286711749
1 0.038751034092257164 0.46477197240559837 0.07750206818451433 0.1548310551888033
3 0.024472120130383683 0.2308589136923101 0.048944240260767366 0.1695321726153798
0 0.05954259537361735 0.10091038194872357 0.1190851907472347 0.07942923610255286
0 0.026944734985761592 0.6639790670116581 0.053889469971523184 0.1720418659766839
0 0.21075667329736433 0.26256716451750267 0.10556025324641087 0.057932744400922595