0 0.1640625 0.26953125 0.0890625 0.159375
1 0.21171875 0.15546875 0.14453125 0.1921875
3 0.8953125 0.540625 0.0421875 0.215625
3 0.903125 0.28359375 0.09140625 0.2890625
3 0.84609375 0.37421875 0.0765625 0.29609375
1 0.7125 0.36875 0.165625 0.253125
0 0.33125 0.165625 0.06875 0.17265625
0 0.34296875 0.9609375 0.09296875 0.078125
0 0.64453125 0.8640625 0.075 0.1296875
3 0.68828125 0.784375 0.12578125 0.2703125
3 0.13515625 0.95546875 0.0609375 0.0890625
1 0.7484375 0.0890625 0.11484375 0.17734375
3 0.6703125 0.05625 0.05546875 0.1125
3 0.4296875 0.13828125 0.13828125 0.22109375
3 0.3421875 0.0328125 0.090625 0.065625
3 0.4859375 0.5171875 0.06328125 0.10703125
3 0.325 0.75234375 0.17890625 0.296875
0 0.43828125 0.79765625 0.08125 0.16640625
3 0.52578125 0.92734375 0.17890625 0.14453125