0 0.7437838129095086 0.5834186929309728 0.1716216298696164 0.08591412091177605
0 0.8182713441590966 0.5279685317644909 0.07897047970746059 0.05344397748246621
0 0.05345377780295395 0.8125989319859729 0.1069075556059079 0.0886595866740496
0 0.2444955101528603 0.9925262638796607 0.1614011501621558 0.01494747224067865
0 0.0441137569015065 0.6915354603636029 0.088227513803013 0.1233955320782579
0 0.011138502842669073 0.5588137954964931 0.022277005685338146 0.08950259099298634
0 0.18042074229265753 0.5520094902823925 0.17987050649282174 0.11141476866002265
0 0.1259747500032953 0.48986114126984165 0.15928527110331836 0.09448808451458142
0 0.2549355470811959 0.4949968291159106 0.11238299756436802 0.0899216980251019
0 0.3321235641273246 0.5984908713732013 0.1344761858759707 0.1038235117201923
0 0.44832308279501093 0.43856276372277714 0.20314436525911966 0.1035417119047624
0 0.3002440929412806 0.45331927128091626 0.09947389448011297 0.06568316162790726
0 0.23852138880136536 0.4047828392949434 0.2034171006486231 0.1191667119047624
0 0.17329185511614525 0.37792114820967193 0.19826595048646736 0.09230382325581452
0 0.037034575488114986 0.3705220535160577 0.07406915097622997 0.09729410703211538
0 0.0246533522734762 0.2735772023440385 0.0493067045469524 0.10965440468807693
0 0.09636471103977416 0.30318316162790726 0.19272942207954832 0.13136632325581452
0 0.10348964407637111 0.25456518892580315 0.10068183847375849 0.04547079117755652
0 0.03991984212720647 0.204997183065707 0.07983968425441294 0.069369366131414
0 0.3644623258951521 0.35888695326688913 0.1063511858759707 0.1020211798265045
0 0.2926515556026126 0.3057934292081957 0.1436602711033183 0.09348678901808824
0 0.48174528328147825 0.3609279194905882 0.14050799756436802 0.09172402991878963
0 0.5410538737838316 0.23411389805278843 0.12164890340856668 0.08427247532299775
0 0.10923371469651741 0.732028854872647 0.10906708279171565 0.0787839389258032
0 0.14019080316698065 0.21311816856773755 0.1588216209411626 0.06792558451458142