3 0.26883045170757863 0.4671648335063884 0.22801945454365713 0.2820482482565737
3 0.06946524594281021 0.18916909820930541 0.07152399269310405 0.25431564458064804
0 0.15478691152624152 0.052664253157546005 0.07461026217486459 0.07361244872768505
3 0.36517143790786094 0.32692939571194374 0.18824784253094826 0.2380057223375923
0 0.4829805008140742 0.3912249245056472 0.06928756249917623 0.12619064458064794
0 0.5108459967535891 0.09476958953865641 0.07205800649282175 0.10615154665416653
2 0.5717975389635211 0.41307938360092483 0.16304901947846523 0.31380680471268485
0 0.7492191554404568 0.3793078507547208 0.07893529788867966 0.14263585080120356
3 0.8412914273545541 0.16984395933161875 0.07679214529089187 0.19861244872768508
2 0.6107614383181932 0.9743621788409718 0.17825345941492116 0.05127564231805657
0 0.9650658924515181 0.11651249071722036 0.03861821509696384 0.06734332488222217