0 0.859375 0.9390625 0.059375 0.121875
0 0.953125 0.85546875 0.0453125 0.0984375
3 0.603125 0.94296875 0.1875 0.1140625
0 0.696875 0.80078125 0.04765625 0.12421875
1 0.42734375 0.77890625 0.17109375 0.29765625
3 0.19609375 0.87265625 0.11328125 0.2546875
2 0.35390625 0.95625 0.1421875 0.0875
3 0.13359375 0.3171875 0.09609375 0.16953125
3 0.2140625 0.45078125 0.0703125 0.12265625
1 0.28828125 0.23671875 0.2234375 0.315625
2 0.53828125 0.34765625 0.10546875 0.34296875
1 0.61640625 0.0796875 0.165625 0.159375
0 0.75859375 0.06328125 0.06953125 0.1265625
1 0.76171875 0.40234375 0.15 0.28515625
3 0.6234375 0.53203125 0.15 0.28359375
0 0.24921875 0.09140625 0.1 0.11953125
0 0.1203125 0.084375 0.06484375 0.08046875