2 0.20130291102699144 0.3764360859055985 0.24142324825657369 0.23895251139996637
2 0.09121217742685206 0.3359535615161819 0.18242435485370412 0.2344071230323638
2 0.10658537905250057 0.6700989685732178 0.21317075810500113 0.1562164210548925
1 0.2997184530630096 0.167945878732347 0.29282992337435154 0.20527663392812712
1 0.855721968660881 0.865518181369578 0.16470492337435153 0.19631726114786474
1 0.8010125106968993 0.6463204311174764 0.3206021918004624 0.30971276165206785
3 0.6941363770494917 0.538235143486508 0.24780994929333283 0.24095205397461328
2 0.42486967572990847 0.5972231053513366 0.3969104135724068 0.34766051190416947
0 0.5676408105086118 0.4028389568442754 0.20468608294074056 0.1385483198140552
0 0.879095011828195 0.34680103235831367 0.17273203685222177 0.2170668037225118
3 0.8737417134306021 0.1923649046343729 0.1195687891612959 0.14191398441265973
0 0.3869344294995852 0.9647310844806027 0.12320234561740726 0.0705378310387946
3 0.24084953289268682 0.8767581500196705 0.15574002648462928 0.20034919728589448
3 0.37374065386342764 0.9300684563400722 0.2636509798304627 0.13801272427320085
2 0.36013181540958417 0.4567130838119116 0.25117010367592557 0.17285761783658377