1 0.2546875 0.5484375 0.2 0.2609375
1 0.21953125 0.78671875 0.1765625 0.2625
1 0.45078125 0.91484375 0.196875 0.1703125
2 0.63203125 0.85546875 0.1875 0.2890625
1 0.9203125 0.6890625 0.1171875 0.26875
3 0.74375 0.1453125 0.09375 0.290625
0 0.48515625 0.284375 0.0859375 0.175
0 0.471875 0.4453125 0.08125 0.15625
0 0.56953125 0.41875 0.0765625 0.1
3 0.07578125 0.33046875 0.1 0.1953125
0 0.59296875 0.49453125 0.059375 0.06875
1 0.81171875 0.7890625 0.153125 0.33125
0 0.7765625 0.3703125 0.059375 0.115625
0 0.76015625 0.571875 0.0578125 0.13125