0 0.21198275787148435 0.36176716314779933 0.18251802273741297 0.11092168344033873
0 0.06583195254800762 0.5161528798696163 0.13166390509601525 0.13230575973923261
1 0.3191307771116752 0.6677598388775003 0.2404180474519924 0.22903648376465036
3 0.5383662553628454 0.7747849549473989 0.313473545474826 0.2209433400953163
2 0.6900945345260491 0.6390537808392557 0.4936358893530464 0.274052523535655
1 0.7890625696207517 0.47425666963732577 0.3130278765014653 0.21000584009531628
1 0.632488917453305 0.40272476866439105 0.37255938539871386 0.2532024610364789
3 0.7369443823214212 0.9589069902574721 0.2303825197716634 0.0821860194850558
0 0.10330018867066212 0.6882284772718286 0.19517453163466159 0.1533000982129913
2 0.1479361398101571 0.13001655681713334 0.19020318874502426 0.10793305113509044
1 0.10763479197760387 0.19811199188232514 0.1575471976422728 0.14952053327818296