0 0.4428519111390575 0.7520827079049235 0.07505303262324467 0.1566879206913981
0 0.498060675967805 0.8208721603330638 0.04817751482874755 0.07163095909205772
0 0.20085418726214943 0.09192777256554217 0.08430069863085594 0.15383570533113405
0 0.0322500617864484 0.2923777166139051 0.03729836463846718 0.14934678213245361
0 0.309497016805914 0.07605037147018551 0.11899403361182799 0.15210074294037101
0 0.4294765943725121 0.04672893283209888 0.08707818874502422 0.09345786566419775
0 0.4453111358930054 0.2365569963055833 0.1020612015966055 0.16839831050398352
0 0.4988062090109793 0.18650552052047814 0.08567219764227278 0.14919366943775675
0 0.5004880672236559 0.3045651987337235 0.08232702174882985 0.10539820533113406
0 0.41028883155811186 0.375239063077773 0.09409219269935694 0.12602895407749282
0 0.5617160217860109 0.48268418705524097 0.09188770555093821 0.18683006175762476
0 0.5405201596190017 0.3464200781214678 0.05994268577927464 0.09226170783841656
0 0.583604314752198 0.29041411902941006 0.10757637254713259 0.18884720282385156
0 0.6038412188968111 0.2303798894833812 0.08394787155854946 0.18347774122451138
0 0.6036926857792746 0.07316678305689045 0.09447419467652338 0.13540395407749284
0 0.6920230153230392 0.059843215195661714 0.10534802768032883 0.11968643039132343
0 0.6680682035737718 0.15576868289860588 0.12001270555093821 0.18764841567683305
0 0.7139218730414243 0.16773147380654813 0.042882519771663394 0.09488660266556703
0 0.7560337771860374 0.10706074676780171 0.06418451680591382 0.08146060015828455
0 0.6305668394667773 0.40637408815059767 0.09144735376405233 0.09942098997087019
0 0.6748314926228073 0.34094766495191725 0.08347302768032883 0.13352320533113407
0 0.6349280287060932 0.5134053381505976 0.08184686068413463 0.13191524122451134
0 0.7537217910633828 0.5686120122072079 0.07639535672980173 0.1130288489046432
0 0.2760080375661606 0.17030517366089884 0.07119852076024671 0.10039245658477532
0 0.754416880455798 0.2017511211409811 0.06060853064607841 0.14690374373179385