1 0.8199430562808414 0.4766340035344032 0.19675795737619808 0.37945137254713257
1 0.20914533095795468 0.08109212699575688 0.16205738229073816 0.09868153361182794
1 0.31820734085407054 0.9253276052469271 0.17177937476889085 0.14934478950614577
1 0.17548864344049525 0.9310563404181794 0.16659176959604127 0.13788731916364122
1 0.362293063011266 0.08811274262280724 0.1899838054894186 0.1466388725471326
2 0.9334215684215422 0.5635994457394685 0.1331568631569155 0.32929486364988403
0 0.7617477745440993 0.5952129071847247 0.1269047954602888 0.23146485870696817
0 0.8963825019785571 0.7973404343707621 0.09729620031656908 0.1256950197716634
0 0.5018525666391758 0.9854440459691176 0.07636392319868043 0.02911190806176478
0 0.22138485048748896 0.6894630425090764 0.10858069279472175 0.19170202174882983
0 0.595579553773559 0.4893409560824108 0.11423965940862679 0.17164418973360734
3 0.5868794698461034 0.7535162026223696 0.14621238809672601 0.3586640286689121
3 0.6691032849689404 0.656204803914964 0.19486048825501054 0.4215115385547438
0 0.8648497616784825 0.0890822653974013 0.10469952335696497 0.11195085475263547
0 0.14482808135366607 0.23063452916320362 0.1622632854311589 0.3203018656270503
3 0.7440962394421448 0.8955764034403568 0.11404108260730723 0.20884719311928635