2 0.134375 0.1703125 0.115625 0.340625
1 0.0984375 0.3984375 0.09140625 0.30859375
0 0.075 0.24296875 0.04921875 0.11796875
0 0.25703125 0.1203125 0.10859375 0.23984375
1 0.2 0.0625 0.1 0.125
1 0.528125 0.08359375 0.228125 0.16640625
1 0.7265625 0.11796875 0.18125 0.2359375
0 0.4734375 0.2515625 0.1046875 0.11640625
0 0.66875 0.34296875 0.21015625 0.29140625
1 0.81875 0.43671875 0.2171875 0.48984375
1 0.8875 0.75703125 0.14609375 0.25625
0 0.275 0.64375 0.08828125 0.0875
0 0.9484375 0.371875 0.05625 0.21328125
2 0.50078125 0.11953125 0.19765625 0.1703125