2 0.6445162538575113 0.29474522568719214 0.33897856415651584 0.21277009968941646
0 0.8704977629568098 0.3047704859987744 0.15308303207825782 0.10542949459715381
0 0.8201161196843835 0.7605731649662044 0.17782221622369923 0.12710707352223166
2 0.689114048431154 0.6266924466774098 0.27259210055371047 0.22135687343752686
3 0.6522208135474322 0.911223010240995 0.22900278685862005 0.17755397951801016
3 0.3418945828257637 0.9177830943571574 0.2738961798265045 0.12024939974588626
0 0.22700646977666863 0.6915251602692299 0.12219397748246603 0.08495039462538863
3 0.3478720774270928 0.8122688417263216 0.19422726866002266 0.1887726156156063
2 0.07566492674418554 0.4684230472844595 0.15132985348837108 0.14934609456891898
0 0.021660942321889167 0.69386339206514 0.043321884643778334 0.10647678413027997
3 0.6504215021594684 0.08022769937883292 0.2585319956810633 0.09911785239083955