0 0.7702867915653024 0.4611262398773741 0.16134656615858275 0.08344971303635713
0 0.8417032493126289 0.5223983218497456 0.07213862041330898 0.051179604851188644
0 0.08063289734428024 0.1690048336393613 0.1551420179539809 0.09075203000581897
0 0.07270274355709234 0.2823658319723713 0.14284200585373247 0.12410666394474265
0 0.04296122228346176 0.40487868969849794 0.08174087939029936 0.09100737939699588
0 0.23521689997655887 0.4322855678875458 0.17086701190385672 0.10921498758216437
0 0.18398619808296496 0.48510780788560603 0.15047269867214014 0.09349439273291545
0 0.30741460772388535 0.49362142273873444 0.10515110831306043 0.08823306576151388
0 0.3779583909995684 0.40489350471110575 0.1270806504675382 0.09939370636839744
0 0.4929162913689108 0.5681105950184268 0.19111587939029934 0.09993558243141329
0 0.3514009570599554 0.5378177039525014 0.09407725292686617 0.06390274545807202
0 0.2938566226528041 0.5791922609200235 0.19120678298109556 0.11556058243141329
0 0.23226968285945854 0.5968104534934595 0.1863829275949013 0.09174044515850958
0 0.07135036357761779 0.5867982404571023 0.13489315046753822 0.10003143515657005
0 0.06172589958377543 0.6773754430324778 0.11151928298109555 0.10905574879205204
0 0.1553213634794219 0.6584656884905499 0.19128859621281208 0.1296230824314133
0 0.16887986943135025 0.7072060774304434 0.09553975897699045 0.04684279121570682
0 0.10663894466511939 0.746635497125062 0.0831670240041051 0.06769742515463051
0 0.4144418334251926 0.6358882842578828 0.09895565046753814 0.09709788273097572
0 0.34753158937712103 0.6780600666795978 0.1363920179539809 0.08922148091420468
0 0.5253838786047325 0.6457252830499348 0.1332579275949012 0.08740388939893542
0 0.5854679266129427 0.7724470218400472 0.11448974687674215 0.08274834030732112
0 0.16389537011872132 0.25310850879399166 0.10195338544042358 0.0754779742462448
0 0.20505371876742035 0.7507646298560378 0.15031816256778663 0.06693189273291544