1 0.25936928218308675 0.07325585398860619 0.3446455005042031 0.14651170797721239
1 0.3236717188253194 0.1976514608198098 0.33364229852673166 0.20928107864272905
1 0.862822064114072 0.20867736397299078 0.27435587177185605 0.20259146288594837
0 0.5914819316985541 0.21343056633559546 0.15390053218308672 0.0867704998588257
2 0.943940660159129 0.37227786141274205 0.1121186796817419 0.17979245776545083
2 0.8565059981584145 0.5151471718513811 0.28698800368317096 0.19365607864272896
0 0.4524072681083557 0.6027646240728115 0.3343200056999832 0.12995759968941645
1 0.17706841452173 0.6588073106504007 0.2732839527337761 0.19176037869919876
3 0.1372407260379119 0.7623187185005561 0.1715579257464694 0.07223756299888784
0 0.9507142740988778 0.8442361613986247 0.09857145180224443 0.06516851564384112
0 0.9871543366619033 0.897702795641844 0.025691326676193428 0.09848227360693614