3 0.14609375 0.07463295616793501 0.2921875 0.14926591233587003
2 0.14276133421305018 0.18939486061443872 0.28552266842610036 0.15222722122887747
1 0.40276866964391633 0.1688467807548571 0.21511825973923263 0.1574206635169964
3 0.18513551583160787 0.5450744309401916 0.29980117694751696 0.08854666714519333
0 0.1183241168872681 0.6107515054422956 0.17981595941492107 0.10309526206571747
3 0.357840584419864 0.637877033750082 0.30448867694751697 0.08871035825218598
0 0.5672217183499654 0.8687624791182438 0.3047614123370204 0.10433535825218598
0 0.6559257082036958 0.8476265782999372 0.12055005357072232 0.1072718413771451
1 0.42943848944998847 0.29798120924797794 0.3240023360381265 0.13311512268015627
3 0.8256593299556372 0.6628126125981734 0.17286830438150141 0.2418303798517325
0 0.4807903039777595 0.08792665216906902 0.14508640340856668 0.08158236061443873