1 0.54765625 0.74453125 0.20078125 0.2578125
1 0.725 0.571875 0.13671875 0.353125
1 0.10078125 0.09375 0.109375 0.1875
3 0.88828125 0.5734375 0.065625 0.2015625
1 0.7484375 0.90625 0.11328125 0.184375
0 0.9421875 0.52578125 0.05 0.09609375
1 0.64296875 0.26171875 0.103125 0.3421875
3 0.46171875 0.8640625 0.17109375 0.18046875
3 0.10703125 0.48984375 0.075 0.30703125
1 0.16015625 0.71484375 0.128125 0.37265625
2 0.221875 0.91015625 0.15625 0.1796875
2 0.334375 0.159375 0.15 0.184375
3 0.4609375 0.4359375 0.11796875 0.303125