1 0.7363938901033513 0.3546578189808759 0.22677584264308948 0.3790312081816577
1 0.6473611942718535 0.6617276377865249 0.248120074586922 0.2760918784802454
1 0.4053622111468945 0.8287301954443089 0.2823859471822604 0.2753706126408037
0 0.48820687204718405 0.23287102824781442 0.10847224282842376 0.16033620248167452
0 0.3265674784004536 0.15688269259431742 0.12166172359113023 0.13631954827463008
0 0.4109127404661712 0.3404707247774042 0.08676093393541642 0.16349405347041027
0 0.889434621583848 0.7869836359449395 0.08045637023308565 0.16149451089576328
1 0.3235690302067029 0.6289544345485457 0.12571430653075472 0.16310056956195354
2 0.925952408707673 0.2704952584731002 0.11012900126594402 0.25241444183801276
3 0.8889063096107976 0.5040454498069098 0.1554415012659444 0.25558300050420313
3 0.8483656443645208 0.5705720321062122 0.13063990870767306 0.21488159084927716
3 0.45885913402808365 0.08430248827105749 0.23334326805616729 0.12074881461827505
0 0.5101340127835078 0.6599252011442921 0.12631450725639404 0.18028806956195353