2 0.8581067067813543 0.5076738964940926 0.28378658643729143 0.18620314482048544
1 0.19100369975059092 0.8013643583030141 0.2730413757593057 0.20473965726804016
0 0.5616155261198961 0.3396879554078735 0.18877417211208342 0.1359645012493999
0 0.8799830132021181 0.31390058570621193 0.18902874525034727 0.14690200124939984
0 0.9401230390376739 0.4182813550022438 0.11370143692972227 0.12715634108157475
3 0.8285906994662506 0.6523701672400171 0.2808902433504862 0.20689415311885534
1 0.9415926604285765 0.6576398529276514 0.11681467914284696 0.21127123195336797
0 0.633819794071667 0.459800468480128 0.1902275693385418 0.1313954004195629
3 0.0726257613022572 0.305754015146847 0.13434124525034732 0.14275803029369402
3 0.379560319525973 0.945030925314672 0.1561798776591667 0.10993814937065594
0 0.27494555470833415 0.9545767737575666 0.12231271751493064 0.09084645248486681