2 0.6123670277119869 0.6383227701247668 0.26288972166884045 0.41802990063313816
1 0.7664403674539579 0.29523669668865943 0.2014341832079957 0.27112615690134445
1 0.6433196987188736 0.17957069348804935 0.1778939834556647 0.3591413869760987
2 0.08755979239204077 0.8342493163764783 0.17511958478408154 0.3102341210079672
1 0.2780990355698698 0.6792566248353978 0.23254725020488776 0.4031035826073072
1 0.2686426447516602 0.8152850530486433 0.21847613399378404 0.2685012620741937
3 0.18671840260954306 0.8488764545397112 0.09235028163641923 0.2741936694377568
3 0.1823863910276066 0.40585388024567415 0.13006860545773674 0.2799723079967011
1 0.2743598753118409 0.3407624261681813 0.16495733581302963 0.3590065901291547
3 0.45409884098482534 0.10716632765924938 0.08867731803034928 0.21433265531849877
0 0.382880966501554 0.06062394827150508 0.09048806699689198 0.12124789654301016