0 0.7052794943708103 0.6060530752307774 0.1713326081851685 0.09097154002227174
0 0.7854132755845773 0.5614121898870506 0.08089905575957416 0.05401588534372692
0 0.040897227411046816 0.7484096806572277 0.08179445482209363 0.09693063868554468
0 0.15838967935820253 0.9472546186346378 0.15577151000193962 0.053326089353907945
0 0.0478166492316973 0.6343289993236823 0.0956332984633946 0.1313420013526354
0 0.03112322787008877 0.5095744473265458 0.06224645574017754 0.09647610534690845
0 0.19829578391952704 0.5253159839672288 0.18443838606495566 0.11766130935708966
0 0.16199136422490845 0.4632977893061831 0.1610328369733412 0.09865677068745349
0 0.27921081513329404 0.4806660079567292 0.11989765394280312 0.0919340560152719
0 0.3272341137658665 0.5807927299490933 0.14292056576151388 0.10625109468490823
0 0.46782677604361933 0.4456899292648213 0.20411315727678297 0.11008516669318062
0 0.3296730718012538 0.4457364772835932 0.10392196757828502 0.06833292401336308
0 0.28381830892437626 0.3955370299570474 0.20695111485312837 0.125728348026726
0 0.23005545119824963 0.3657228079646834 0.19878792848861027 0.10221812269254427
0 0.07524761953998821 0.3409875319860006 0.15049523907997642 0.1047795013526355
0 0.07640390589965709 0.24965400732018242 0.15006338606495562 0.11726132001909004
0 0.17139767044352464 0.2906960833068194 0.20953398091420458 0.13824652936027154
0 0.19378272453610887 0.24594665730427404 0.10251896424430518 0.05114542401336308
0 0.14408548453804854 0.19501141331159194 0.09142196757828502 0.06818747334499946
0 0.4096154054406151 0.3651944546069573 0.11441292848861022 0.10123633068109025
0 0.3547682798366411 0.3104165952816842 0.14840529121570664 0.09694882001909004
0 0.515434970743087 0.3787927832590944 0.14502519970043756 0.09378745735199914
0 0.597146969535139 0.26700985124923116 0.12563747091226496 0.08575678134945379
0 0.09400741239843899 0.6841920919796374 0.1127548336393613 0.08092383068109026
0 0.23643248120406865 0.2111080332988652 0.15586710485118865 0.07362040802036274