1 0.51328125 0.65 0.15625 0.35
3 0.371875 0.65859375 0.125 0.22734375
1 0.278125 0.58125 0.13515625 0.3421875
2 0.8203125 0.29453125 0.13671875 0.3453125
1 0.70078125 0.2375 0.15234375 0.378125
0 0.7484375 0.0953125 0.05859375 0.11015625
1 0.35625 0.040625 0.1671875 0.08046875
0 0.296875 0.20390625 0.06328125 0.1328125
0 0.6734375 0.3765625 0.05234375 0.1
0 0.17890625 0.8 0.065625 0.09453125
1 0.73125 0.03125 0.09765625 0.06015625
3 0.4765625 0.290625 0.1640625 0.15
2 0.50078125 0.390625 0.17109375 0.19765625
1 0.60234375 0.0484375 0.146875 0.09609375