1 0.5978449849824663 0.17600588155579813 0.2240137930174157 0.30665396276527795
0 0.75785913879807 0.07458558586861049 0.10240007142762994 0.13982752583555563
0 0.37566029342445273 0.11865189570784691 0.10532624837514692 0.21798889342673616
0 0.5195642520285949 0.08624205205236093 0.15162850405718978 0.17248410410472187
3 0.8899739837646503 0.2106295758006243 0.11000584009531629 0.3071241286090974
1 0.7687144127407622 0.38305204929947856 0.2470888287312306 0.3759131090418057
1 0.8118367159044476 0.6595047933155549 0.18670470779006793 0.31671864057694454
0 0.7142662406612139 0.6219158339687494 0.11887055113509035 0.1886287017473613
0 0.9779662763750288 0.6845560786504159 0.04291597727182861 0.1321955573706944
0 0.10289413838773769 0.745565113507118 0.13362279788867962 0.1389923776591667
2 0.1686203242637084 0.8393865422687151 0.19032853977100475 0.2558902433504862
1 0.2705201948011292 0.5876947960684372 0.20498314934808165 0.37961868407993077