0 0.771875 0.2328125 0.06328125 0.253125
0 0.67109375 0.32578125 0.14765625 0.31171875
0 0.57890625 0.46171875 0.1 0.1765625
0 0.5453125 0.175 0.0984375 0.16796875
3 0.4578125 0.371875 0.15234375 0.30546875
1 0.32734375 0.3109375 0.11953125 0.31953125
1 0.17578125 0.45625 0.1515625 0.26484375
2 0.33671875 0.79921875 0.09453125 0.290625
2 0.47421875 0.85625 0.134375 0.1984375
0 0.46171875 0.05234375 0.07578125 0.1046875
1 0.7375 0.8203125 0.20078125 0.19765625
0 0.58671875 0.91328125 0.11640625 0.17265625