0 0.55859375 0.58671875 0.0859375 0.16640625
0 0.2109375 0.74296875 0.07578125 0.15546875
0 0.26640625 0.265625 0.08046875 0.146875
3 0.4296875 0.5203125 0.24296875 0.30390625
0 0.6265625 0.09921875 0.06484375 0.13671875
3 0.46640625 0.18203125 0.178125 0.25234375
3 0.24609375 0.5328125 0.11875 0.22109375
0 0.5953125 0.471875 0.04765625 0.1
0 0.340625 0.70859375 0.0625 0.0875
0 0.8546875 0.8359375 0.04921875 0.07890625
3 0.3984375 0.3078125 0.146875 0.234375
0 0.24765625 0.05546875 0.08203125 0.1109375
0 0.73203125 0.9390625 0.05859375 0.1