1 0.5200630360061577 0.05811317474160073 0.18953519867214014 0.09336567550756787
0 0.631614656124879 0.2908977914913236 0.12092155405833438 0.11239747532299767
1 0.8898351805217676 0.0797604881275368 0.1743465359079618 0.1595209762550736
0 0.5815702460911751 0.5551395666297512 0.08789997579950323 0.07435725478036197
1 0.38503106849627383 0.491143325110741 0.3544158309893056 0.24450427822074658
2 0.9687152012062228 0.776351123541895 0.06256959758755443 0.09336807063492074
1 0.6810117098886257 0.5870625902270193 0.3134999394987581 0.19190090992986414
2 0.2091674843837102 0.35392033467146494 0.3854749334486337 0.21369436921373292
3 0.21915504185989013 0.1899381778239197 0.20702268052176748 0.14602960055371036
0 0.1283533007386847 0.299702006478405 0.1834488251355732 0.12109015730897052
2 0.17787761952954614 0.6177418052141007 0.28381243949875795 0.18999844848652714
2 0.8190646591499411 0.270288495533405 0.30278969847574827 0.23026250308231902
2 0.17294065553570376 0.7094985086378733 0.2850113251355732 0.1275985780361765