0 0.4162114065337782 0.744915794716725 0.11756463911037329 0.17779883068109026
0 0.4630747169896662 0.8305538500556793 0.0662443661314139 0.08352157200827222
0 0.27594073874123304 0.04224423337045284 0.11125647748246603 0.07936133068109025
0 0.39509125693983027 0.049876014719906644 0.1433075138796606 0.09222495735199915
0 0.5274834523440385 0.032680518738042175 0.09871690468807692 0.054234061346272136
0 0.5128165823551131 0.20581802673454233 0.14512843460686647 0.19373291335136278
0 0.5798445936138801 0.16756459607731464 0.12477636181247753 0.16851473734881747
0 0.5596798928110011 0.2914560820734966 0.11113536397194572 0.12619996801399935
0 0.45048416794942875 0.34170952605822463 0.12659967766703611 0.14823860001590833
0 0.5928590399409389 0.4924736894095874 0.14007998920265835 0.21241018801718106
0 0.595115547499078 0.34495379941117826 0.08347143892580319 0.10870338534372674
0 0.6497739666851243 0.2964077587523597 0.15746774830195703 0.21573518268618086
0 0.6835691733480995 0.23903161075745039 0.13040460055371028 0.20761360001590834
0 0.7086321252307126 0.09411910009545014 0.11844721622369896 0.11847837468172658
0 0.8045454025286087 0.1046031614417223 0.12349566162790718 0.09980110001590835
0 0.765451426587302 0.17675033410244984 0.17016800740125576 0.21900563335454448
0 0.8122658698320417 0.20071509277526775 0.06618380937615384 0.10694089067472687
0 0.8674051503691402 0.1474906427832219 0.08423290252860838 0.09622156667727225
0 0.6802100431801413 0.4302560474219959 0.12020997532299767 0.12162155601527207
0 0.7389551850682918 0.3723895507638137 0.11918769586563335 0.15439769334818107
0 0.6648131855297171 0.543273668085587 0.117525066315984 0.15281701201463563
0 0.7820390607604298 0.6305111334340863 0.10841088217054295 0.13241360534690844
0 0.34487001387966065 0.09457034937936151 0.09803458667404978 0.1166795173456358
0 0.8487133119970475 0.24563724144649482 0.09635097316352947 0.16349997334499947