0 0.41516344908796654 0.2612009431327932 0.0864362015966055 0.16933650496239877
0 0.4690007149052973 0.1885661178637336 0.05149351581733086 0.07725601282028158
0 0.1862732202681427 0.9354709272121398 0.09154019566510647 0.12905814557572057
0 0.012547137814400222 0.747549242142117 0.025094275628800445 0.15665241439185812
0 0.2993953027776567 0.9416331900324213 0.12403436068413445 0.1167336199351574
0 0.42637429684615763 0.9731058219592906 0.09049234882113648 0.0537883560814187
0 0.4362944193932902 0.7991397448282044 0.11025570357377176 0.17980312406898663
0 0.49369574251126414 0.8503426798982268 0.09530186562705048 0.15727315260503394
0 0.49091293521062107 0.7265413068626976 0.09039418973360754 0.11337760339082212
0 0.3944000325488827 0.6555138693114756 0.10066052768032882 0.1356892510334573
0 0.5478035582520452 0.5405524569865321 0.10327087452429887 0.1997517510334573
0 0.5311041950964528 0.681449284736791 0.06644735376405216 0.09978598428423417
0 0.5772496832334546 0.7399552975570727 0.11895954152049341 0.20204199710451592
0 0.6013291703818734 0.8021299658778723 0.09370487353571591 0.19462760339082202
0 0.6074624707624343 0.9463400186089952 0.10053319368794007 0.10731996278200953
0 0.6994271362757539 0.9565626389561828 0.1105793557412186 0.08687472208763439
0 0.6709930715607371 0.8789514851082947 0.1315232085166876 0.20418669396136266
0 0.718504741522681 0.8655097233214704 0.04782468775644109 0.10203768899896418
0 0.7644910621691968 0.927921986141752 0.0691266847906915 0.0889940334984459
0 0.6229043759328116 0.618409937341825 0.09951452174882984 0.1075642510334573
0 0.6717928620926472 0.6864364993763182 0.0916038626613009 0.1430651033908223
0 0.6227690661607106 0.5064728635205074 0.08991402866891214 0.13986732878371627
0 0.744974330000875 0.4464151209641055 0.08446252471457924 0.12089900496239867
0 0.2619536525873763 0.8708584253501129 0.07770318874502422 0.10810790653397503
0 0.7590952494313463 0.8298290884991169 0.07030186562705047 0.1561087588913402