0 0.18626997073199122 0.586323973230791 0.1667390593379882 0.08875761452679143
0 0.118183744177208 0.5417703350582901 0.07867037427505372 0.05412066016782511
0 0.8558450744616133 0.7297776366993864 0.16108105518880328 0.0960965178461393
0 0.6492604198928655 0.9240874342145199 0.1518943867226085 0.03636632033565022
0 0.8714602642984325 0.6159635904336529 0.16212333693238995 0.13035311867597627
0 0.9073170991562298 0.4912945545408814 0.10651195435896632 0.09351504689043359
0 0.7113417483263929 0.504591150396341 0.17800844606059663 0.11446800954776962
0 0.7625975176224248 0.44322667529145027 0.15494945435896632 0.09718542116548723
0 0.6424742717716097 0.46009671180892153 0.11252515601864026 0.09086364357108571
0 0.5702897732215021 0.561885277370687 0.13522895020978148 0.10345873195336797
0 0.4633321460466634 0.42551191471799543 0.19616645020978146 0.10807629958972594
0 0.6007846018555222 0.42597108815856777 0.0982491684661948 0.06647895020978148
0 0.6582428269604129 0.3750113167879434 0.19879454274124875 0.12225719875988891
0 0.7196306128531843 0.34394964832174846 0.19233105518880328 0.09846450124939991
0 0.879112356629407 0.3202133825502016 0.14460395020978148 0.10416912697434615
0 0.8999828089137809 0.22930404001873433 0.14254454274124875 0.11799482863402007
0 0.7967743759254389 0.2689720364942494 0.20142263527271584 0.13643809793005196
0 0.7854234014452481 0.22400307861079813 0.09850927759440165 0.049409849379944484
0 0.8467878765501389 0.17274730931476623 0.08754846680652122 0.06877515601864026
0 0.5410087053846515 0.34350305289049626 0.10866645020978147 0.10144594606059662
0 0.6088007792447868 0.2894299369138123 0.1423310551888033 0.09467572780418312
0 0.43200055828908096 0.3572005452168264 0.13908765601864026 0.09287642946385696
0 0.3775992460513078 0.24480821160842892 0.11986405933798813 0.0852056394219007
0 0.7768572367040308 0.6650774418881897 0.10700886182749905 0.07957094606059663
0 0.7508241811142422 0.1885634086947107 0.1529366684661948 0.07062292116548727