0 0.4173316659015967 0.23461269774358354 0.09633235030926071 0.17238492515463036
0 0.4858422919646127 0.17571580092778222 0.05781224212409235 0.08077151000193968
0 0.0489011749854525 0.8625633860649555 0.097802349970905 0.1667726539428031
0 0.1539889639059494 0.9062736408364046 0.14123026212797157 0.18745271832719085
0 0.27066640981336515 0.9505256427329154 0.10306084030732113 0.09894871453416912
0 0.32305731254822023 0.7632799606204611 0.12391521637033698 0.18705320303441741
0 0.36911936951574237 0.8252376977435836 0.10650457576345351 0.163902745458072
0 0.3924129614900534 0.7036655866834771 0.09811824879205204 0.11820760818516866
0 0.31317161376586655 0.6146193200135777 0.11084138939893551 0.14097542848861017
0 0.4880118592239386 0.5345167160804729 0.11607076546195146 0.2050379284886102
0 0.44163158255209944 0.6691469365336958 0.07197033697334128 0.10210437606301603
0 0.47402975224671806 0.7347080347169247 0.1318233112195859 0.20787588606495558
0 0.4835803533048849 0.8007634694144528 0.10774808243141329 0.19815019970043757
0 0.4547543673897104 0.9429838873574926 0.11316916394474279 0.11403222528501473
0 0.5420949996616443 0.9620207363742164 0.12244856909549391 0.07595852725156718
0 0.53528663239262 0.8899214353257479 0.14601335697722054 0.2105862978836665
0 0.5842980883019754 0.8868441038124185 0.054910382730975725 0.102263872729036
0 0.6163136207236903 0.9553002341032524 0.07433006242753404 0.08939953179349516
0 0.5442143196752219 0.6264010692646715 0.10554811151914834 0.11415783697334128
0 0.5774097148240334 0.7014647132055349 0.10223166394474284 0.1495851539428031
0 0.5680500455884566 0.5174565039621998 0.10041407242947357 0.14633260818516866
0 0.6997463268022237 0.48416525608823163 0.09250597758022465 0.1255099251546305
0 0.1378533940615496 0.7969221527348551 0.08523561151914842 0.11249974212409217
0 0.6320977305758488 0.8600741807838201 0.07968698424818435 0.15860946757828492