1 0.21290733660582398 0.2403517914833123 0.4068855787839034 0.1880464170333754
1 0.2003196624765428 0.7099440498862692 0.28488875241907435 0.23451555733782392
1 0.3571031995905944 0.41693951330869183 0.32628802616718494 0.1691744002274614
2 0.9087511866481762 0.49626764418441927 0.1824976267036476 0.25840404349765966
0 0.6202464836502871 0.5651873764271033 0.22217737884037306 0.12128604547482595
0 0.695173805035793 0.2113036896592453 0.13294827886860805 0.08803319368794009
0 0.879905120806691 0.2233540676064043 0.12328485253201364 0.10946252471457933
3 0.7380746656014889 0.16805109676960797 0.19752598933548207 0.15301620653952136
0 0.4799602017979073 0.8590859095446394 0.14535727360693612 0.0869800296574951
0 0.14114760175555502 0.9175283982131142 0.10491428413027984 0.08844968775644091
0 0.08178947035493314 0.7320020750951401 0.04408319994353027 0.061030341901054184
0 0.07735332836038038 0.6155003246008486 0.08529900512049751 0.15311968281352523