1 0.6332146787078162 0.27012447648271 0.2372669267186339 0.3950136861143331
0 0.7604595260582245 0.389313810494765 0.11444540268936265 0.17308337516934208
0 0.06074243141308724 0.5846748931480235 0.11032152402927138 0.221275213703953
3 0.2521230514401315 0.7739852973773236 0.26035898138127056 0.3665544934412793
0 0.4764338027927669 0.9045038777713339 0.1172795013526354 0.1482471494796016
0 0.909168104034044 0.5845367000247439 0.18166379193191204 0.27076395861557023
0 0.9230391526893627 0.4040712720510113 0.1539216946212747 0.2442081026681049
3 0.9450675993395906 0.14737421472406498 0.10986480132081873 0.21518898801421238
3 0.7321408853437268 0.04859081071987793 0.19344201201463562 0.09718162143975587
0 0.47663686736154415 0.18295974841812032 0.12521927068745367 0.15959408525525037
0 0.388682334022908 0.1484829291053864 0.14451471069381688 0.20745173111680745