2 0.2140625 0.471875 0.12734375 0.3125
0 0.13125 0.45703125 0.0734375 0.1734375
0 0.91953125 0.1703125 0.0609375 0.15859375
1 0.85625 0.32734375 0.128125 0.290625
0 0.92890625 0.4 0.034375 0.1125
2 0.62734375 0.19609375 0.17109375 0.296875
2 0.29296875 0.67734375 0.08359375 0.2125
1 0.559375 0.63125 0.19453125 0.37734375
2 0.17421875 0.2578125 0.1125 0.1890625
2 0.15390625 0.8671875 0.10625 0.16171875
3 0.2375 0.9 0.12109375 0.18125
3 0.31015625 0.2234375 0.115625 0.21875
3 0.75859375 0.1515625 0.08125 0.18671875
1 0.8609375 0.9015625 0.06875 0.19453125