1 0.23359375 0.44453125 0.15234375 0.30390625
1 0.56953125 0.125 0.1125 0.24921875
2 0.74765625 0.125 0.140625 0.24921875
2 0.5171875 0.796875 0.2140625 0.20703125
1 0.725 0.86171875 0.153125 0.2765625
1 0.89765625 0.89609375 0.14921875 0.19765625
1 0.34765625 0.2828125 0.1828125 0.271875
1 0.884375 0.33359375 0.128125 0.2625
1 0.84296875 0.0921875 0.07890625 0.184375
0 0.53203125 0.6515625 0.09765625 0.1359375
3 0.38984375 0.0859375 0.2265625 0.171875
1 0.778125 0.62890625 0.15234375 0.23125
1 0.38125 0.83125 0.18671875 0.20234375