3 0.3140729951314462 0.7836594523626046 0.1357597223568522 0.27134292093374784
1 0.6311941695420145 0.8387612652203182 0.17731055239490826 0.2581750629988878
0 0.5922842253597828 0.7063359020943734 0.06619268577927465 0.09426521046687383
0 0.6443069817855733 0.7397623230987085 0.0665110207602467 0.10207771046687383
0 0.4591162396942387 0.7663871943289225 0.06555069863085591 0.15502069994353018
0 0.9959040086872839 0.9641757350715858 0.008191982625432104 0.07164852985682835
0 0.7435722223568522 0.3067439677240972 0.05978085969555132 0.1281851841585148
3 0.6905772149424784 0.2685845440889262 0.1530400642579064 0.3128779735504664
0 0.8311956032697607 0.1427185360552441 0.04520902372599629 0.11486613680346806
0 0.721504926882026 0.09034542299988649 0.06800985376405215 0.10060621572854582
0 0.47429564034162974 0.29729556008570324 0.08618153361182798 0.1640162683452643
0 0.32874442391627656 0.053440602320252384 0.0664818458553869 0.0631062157285458
1 0.24659101786885923 0.8796412683452643 0.11331171939110263 0.2407174633094713