3 0.4525918089778254 0.29202590222406677 0.3064236479078998 0.29246211443337095
1 0.588427682290954 0.7288471769010691 0.37251987386128266 0.2655176850682917
0 0.4584177784774224 0.8624583181709106 0.18238096878180682 0.13328976866002265
0 0.11502489862568996 0.715336300895164 0.1355803798517324 0.17706075262089377
3 0.1557639713136955 0.6038888587301583 0.24619049763774728 0.17479495064599532
0 0.16802586913677725 0.5514251927833145 0.30385915389834955 0.21902461443337096
1 0.37938252058805605 0.5723327683554809 0.24733633538669525 0.20760745064599534
2 0.037023861880383105 0.38756055675526013 0.05298613466105586 0.17800388648947968
2 0.03961069245775494 0.5737483806293835 0.044955379851732424 0.1712532387412331
0 0.6329439639724834 0.07532285626614825 0.21357640507947587 0.13372985965300904
0 0.9882887176006804 0.3816498928202263 0.0234225647986392 0.08521560919158366