0 0.38513424355688025 0.8377572569572633 0.09338258706427274 0.17531301779449712
0 0.44645684588630097 0.9075869372993306 0.05565685775648745 0.08022601087441501
0 0.10582951888319259 0.14680335722409338 0.10078565128862396 0.1678188527754691
0 0.22325603629604712 0.11713971494247835 0.13606140999505117 0.1864070266917457
0 0.3497266830621153 0.07923249113993248 0.1013721494796016 0.11950868676785789
0 0.37247038500742324 0.2876325815581119 0.11879202283992144 0.18414418973360738
0 0.4286661533247889 0.2312035094287212 0.10210248982323473 0.16319501977166348
0 0.433752043759279 0.3582435119001791 0.09652087516934209 0.11619268577927473
0 0.3395682745374021 0.43739515961900166 0.10868668249628843 0.14007585475263545
0 0.5046809401866629 0.5435536122041903 0.11204405585660826 0.20413835475263548
0 0.4777576713034703 0.3999654382879137 0.06922139077317446 0.10104784684397003
0 0.5209587946637901 0.3375264466908706 0.127750943011738 0.20633752471457933
0 0.5408043051792397 0.2725699501509118 0.10094278154634875 0.20056768577927472
0 0.5370662307781231 0.10487311418135666 0.1076155054270668 0.14938718775644105
0 0.6287967073723748 0.08747204996063136 0.12053158525525039 0.12808519072219057
0 0.607026848711376 0.18914729650059026 0.14189533016686778 0.2084730276803289
0 0.6566174129357274 0.19899714037881078 0.05055327792830404 0.10184634288963737
0 0.6992420041838715 0.13262006528367057 0.07341756784239592 0.09186384783255322
0 0.575672870873929 0.45875945954245195 0.104087713703953 0.11182352076024671
0 0.6209687607425922 0.3862278849416033 0.09659611827193722 0.14737901878308027
0 0.583017302127022 0.5725818790101043 0.0964323439616777 0.14425401878308025
0 0.7118516310506943 0.6240236566904331 0.08919969810012063 0.12524935079830274
0 0.19009829828183472 0.2269630425090765 0.08385710085908263 0.11255834980971953
0 0.7002102826780024 0.23365598326844816 0.07389560266810484 0.16048651384016444