0 0.8045159181356516 0.4631829474537195 0.17136374491161738 0.0933348960668953
0 0.8823000814100631 0.5224301438201773 0.07910100180902262 0.05468724212409235
0 0.08688028154634873 0.20312474212409226 0.1577106806872661 0.0999994842481845
0 0.08903368102595037 0.3184308777300059 0.15169969810012063 0.13373675546001174
0 0.0676643713241549 0.44504130409258424 0.09373006784239583 0.09633260818516849
0 0.26462125847928464 0.4626745695545357 0.18369332654882314 0.12079021637033698
0 0.21855516395178012 0.5188131281890478 0.15935506784239584 0.10168953000581897
0 0.3431457281761313 0.5212042887998107 0.11552318068726608 0.09655574879205205
0 0.40509245024782725 0.42668875637809567 0.13805327792830407 0.11084138939893547
0 0.5364320607178483 0.5875461212312241 0.20195200361804452 0.11294576546195145
0 0.39210885063194 0.5648744115288468 0.10015048620519007 0.07040783697334127
0 0.33761610244096235 0.6086564913751863 0.20433337516934208 0.12869831121958591
0 0.2772894340781681 0.6301809339486221 0.19677318068726607 0.10318812818904774
0 0.11314172489677099 0.6300061065181786 0.14890889077317437 0.11017170970237729
0 0.11024245420455611 0.7231183777300059 0.12908771370395286 0.11788861485312836
0 0.20691938036926644 0.6975600104609816 0.20655097241038015 0.14132585697722053
0 0.22582318860072387 0.7465554909161443 0.10229284034363302 0.05191292848861018
0 0.16742419040974615 0.7900187063683973 0.09102114767057934 0.07433006242753404
0 0.4647861120519007 0.6602664019859491 0.11132700361804453 0.10554811151914834
0 0.40112308174874745 0.7071894572864813 0.14521068068726617 0.09897911818710821
0 0.5777807570089466 0.6640447194144528 0.1435662935321364 0.09728907242947357
0 0.6497929551090673 0.7912766412351033 0.12448874491161739 0.08950852333785927
0 0.17436367141501194 0.2841671901575399 0.11018058344622812 0.08367311151914843
0 0.2653703674789677 0.7886790890993731 0.15648237336031984 0.07656198424818453