3 0.09185175662606329 0.77254285793486 0.10640350092285064 0.34866428413027994
2 0.15754660779808252 0.7820473895754783 0.20181613047249997 0.35577810509226265
1 0.1448919093115554 0.49891637115962684 0.18629365514950225 0.2350105787839034
3 0.5119442111295701 0.7323919399142967 0.13348763263196836 0.30976838410204477
0 0.5759752351882634 0.8015899899707666 0.12910291640826924 0.19276289462538862
3 0.6078808675156899 0.565266082120611 0.13222552128091625 0.31436487884037306
0 0.8414782102067194 0.36816575603813073 0.1479506508305654 0.3168374314570917
0 0.8224395111018834 0.27909555076234144 0.12549825262089379 0.1365128946253887
1 0.2737783729143608 0.47886293444086336 0.1789398349760068 0.3388790314288567
3 0.6441178446936142 0.1035255173474886 0.2639785641565158 0.2070510346949772
0 0.0699035988556674 0.41780985530402415 0.09554993676633483 0.1550052893919517