0 0.778125 0.32578125 0.0828125 0.16328125
3 0.4875 0.4828125 0.103125 0.27265625
0 0.15078125 0.315625 0.0578125 0.09140625
0 0.62578125 0.95078125 0.059375 0.0984375
1 0.5546875 0.1359375 0.128125 0.271875
3 0.39375 0.30625 0.11953125 0.20078125
0 0.8546875 0.02421875 0.04453125 0.046875
0 0.33046875 0.865625 0.08984375 0.13359375
0 0.8890625 0.78203125 0.06015625 0.14375
0 0.25390625 0.83984375 0.08984375 0.1375
3 0.53515625 0.60625 0.115625 0.36015625
1 0.6640625 0.5421875 0.1765625 0.36953125