2 0.8056409253262276 0.04220351927988966 0.274455654678545 0.08440703855977932
1 0.5684403699872733 0.08380879505260108 0.27218517735518083 0.1656558222384088
0 0.5097835326623184 0.028403869319604785 0.1898079346753633 0.05680773863920957
1 0.43950684798695516 0.08840261201600413 0.1909533586887262 0.16580009821299113
1 0.11302616398790966 0.2441027816566252 0.2260523279758193 0.1399194366867496
1 0.10772049864736452 0.3871533522734762 0.21544099729472904 0.2131932954530476
1 0.076188140634956 0.5447164362830078 0.152376281269912 0.16056712743398444
1 0.2867950925764132 0.6597026879078609 0.26958743602799873 0.21091377516050827
2 0.7887377585535053 0.8196569715963763 0.32182155068427176 0.13527857548481953
2 0.9046831212603671 0.5215995267919518 0.17976132001909023 0.14373418344033873
0 0.9472711579408208 0.4193142780097678 0.09636701734563573 0.0922886858759707
0 0.9635325046149115 0.3643540426202644 0.05079997867599957 0.06962275324641087
0 0.9631217825827767 0.6010318823118389 0.060447698679181275 0.09322389448011278
0 0.5761217692552763 0.5648269699715232 0.3616476666931806 0.2015854139585782