0 0.4380864065337782 0.720153211217562 0.10965200956072393 0.18015889077317446
0 0.4886557078903676 0.7998097337187993 0.06301923658176456 0.08427982473980081
0 0.259684683065707 0.0359607541838715 0.103744366131414 0.071921508367743
0 0.06390871298449659 0.1777255303031533 0.04605058451458144 0.1596959045679843
0 0.377803627390181 0.03564317164215457 0.13685725478036198 0.07128634328430913
0 0.5099454989202659 0.008974451040796723 0.09489099784053164 0.017948902081593446
0 0.5053848141565158 0.1679146025565633 0.13711567550756792 0.19561347241038013
0 0.5698187515411595 0.12142470488598396 0.11686373226282801 0.17119332654882316
0 0.5560041802879299 0.24835237505780045 0.10624760487264702 0.12703389077317437
0 0.4503339736249547 0.3118969759168831 0.1217119185677376 0.14964587516934208
0 0.6000206978682183 0.4459333819552055 0.13050473010335964 0.21395403663473136
0 0.5944647054263574 0.29807241406738105 0.0785836798265045 0.10845430913596861
0 0.6465791155131052 0.24282167006027486 0.14789248920265835 0.2179797953411587
0 0.676367942626431 0.1816860962249852 0.12082934145441175 0.2087752137039529
0 0.6929372740586934 0.04663768571987793 0.1131589389258032 0.09327537143975587
0 0.7893314127076414 0.041097014643550256 0.11956962523071261 0.08219402928710051
0 0.7548248072166854 0.1101491084358858 0.16215524830195704 0.2202982168717716
0 0.8022202413621267 0.12727415592678065 0.06139617982650449 0.10755355042954129
0 0.8549156423495757 0.06885746834210961 0.08100777297895938 0.0976805834462281
0 0.6839463124584728 0.37333800769037445 0.11522208667404961 0.12127521370395292
0 0.7393661952473247 0.3085075457954439 0.112837566315984 0.15696705223856364
0 0.6740682695828732 0.4883012663968017 0.11107480721668565 0.1537601650834338
0 0.7948499413898132 0.5627103669172001 0.10196062307124425 0.13303822930778503
0 0.3317389582041346 0.07589527815544674 0.09324695712440043 0.11856629353213635
0 0.8409613687523076 0.1691407513587964 0.09000084361388012 0.16511374491161734