1 0.4265625 0.81796875 0.2359375 0.178125
1 0.10546875 0.703125 0.2109375 0.146875
3 0.896875 0.6484375 0.20625 0.1125
2 0.96328125 0.77734375 0.0734375 0.1328125
3 0.9453125 0.5578125 0.109375 0.1125
2 0.6265625 0.340625 0.3171875 0.090625
0 0.68671875 0.07109375 0.21875 0.1203125
0 0.4625 0.25625 0.246875 0.115625
0 0.14375 0.86484375 0.1125 0.0625
0 0.240625 0.884375 0.146875 0.0796875
0 0.4578125 0.97734375 0.1625 0.0453125
2 0.65703125 0.6328125 0.309375 0.1046875
2 0.8140625 0.51640625 0.203125 0.109375
2 0.2703125 0.5375 0.25 0.190625