2 0.1296875 0.4359375 0.17734375 0.31875
3 0.38984375 0.0859375 0.16484375 0.165625
3 0.69453125 0.8375 0.19921875 0.190625
3 0.60859375 0.12421875 0.18203125 0.23203125
1 0.8703125 0.93046875 0.14140625 0.1390625
1 0.1625 0.071875 0.13125 0.14375
0 0.5171875 0.33046875 0.0984375 0.16171875
3 0.403125 0.2203125 0.1078125 0.1953125
3 0.1828125 0.72421875 0.06640625 0.2265625
1 0.40078125 0.45 0.13125 0.30546875
0 0.2734375 0.17109375 0.15 0.28125
3 0.66328125 0.49296875 0.13984375 0.16328125
3 0.97890625 0.2390625 0.0421875 0.2203125