0 0.4459160057909683 0.23515051913382293 0.09179800992479734 0.16183006175762477
0 0.5112178281645438 0.17681283339873013 0.053420406533975395 0.07489235141192578
0 0.10043630025217823 0.85016278754273 0.09633996071058575 0.15884145407749273
0 0.20401291046742592 0.8938566147397609 0.13493157981717357 0.18337009263643722
0 0.317563834164909 0.9405180087422351 0.09771837014004517 0.11896398251552967
0 0.36505107196379993 0.7452098292420951 0.11581770678164424 0.17501202335696497
0 0.41001466150088317 0.8044089844940869 0.0992466368892682 0.15424488229073816
0 0.4311341443373754 0.6868948755603136 0.0909589478903042 0.11031302586424747
0 0.35288717390688007 0.6032580099626228 0.10447779238978612 0.13255173871722886
0 0.520243801904808 0.520509009104693 0.10880572745980874 0.19197220282385158
0 0.4773755976043631 0.65147185259906 0.0685017510334573 0.09717652837152997
0 0.5096936379272347 0.7134322949980703 0.12457627667402046 0.19555184389007857
0 0.5200639036430004 0.7763187399043632 0.10084767824559701 0.18861988229073817
0 0.4948176929324147 0.9305299006331381 0.1064769400324213 0.1389401987337237
0 0.5789187111293798 0.9473142353520168 0.11661391935425698 0.10537152929596658
0 0.57167559946639 0.8607452156894683 0.13707627667402048 0.19591555674305994
0 0.6180604478948133 0.8558364068348375 0.0497517510334573 0.09663095909205807
0 0.6493789143963673 0.9224616171805364 0.06955482878371626 0.08628449247815269
0 0.5756889731210918 0.6066116451563549 0.10011562406898662 0.1058983105039836
0 0.6083152284977753 0.6787510696086766 0.09539389081820956 0.13852895407749272
0 0.5962262591007372 0.5015975362225817 0.09375861621110389 0.13692098997087018
0 0.7223007615819365 0.4653681826990848 0.0867080955329392 0.1195516335443795
0 0.18794060835773008 0.7854303493003547 0.07987589867609243 0.10686977711788863
0 0.6631567781262717 0.8282031518202725 0.07410108767505648 0.1503924565847754