0 0.4509908491396783 0.1414751897009955 0.12713519262201595 0.10654799352159498
0 0.6540249455488821 0.11283334824658378 0.11444429508134384 0.07293445712440043
0 0.2521261022629363 0.0807541425064593 0.17403746369925477 0.11423938001107466
0 0.05267711074894742 0.4569521044112217 0.10064541549465285 0.11734579117755661
0 0.1232027133064713 0.3547399599021776 0.08479315651766242 0.07728199568106335
0 0.5417951946651194 0.7038366849206336 0.1301420179539809 0.0864357526208936
1 0.86358890231425 0.8035725624676979 0.178934041958086 0.15047726866002265
2 0.7451161582661783 0.8588386582410464 0.24311471662612086 0.17489508019564468
0 0.6211594660369458 0.5088362631136935 0.1100022347764936 0.11482156847545255
2 0.4833362374087723 0.3277538487080091 0.3323953852440319 0.2181024645256561
0 0.15112824628756685 0.4529876927833145 0.15717721662612102 0.16938795496493206
2 0.5016191256778662 0.5149336736618666 0.24188855991206676 0.2326074506459955