0 0.4092432824508599 0.23034930195545172 0.10432008706427265 0.174093423062014
0 0.44959828753924247 0.1516982783040976 0.06042624491161739 0.08099673328250004
0 0.3191991316124619 0.935358231382639 0.11016729534115868 0.129283537234722
0 0.09666131105653256 0.7724029832825 0.06616498982323468 0.16072060087368065
0 0.43700410730220235 0.933415178096007 0.1433073439616777 0.13316964380798596
0 0.5686192774740189 0.9570176386770836 0.10507700361804453 0.08596472264583284
0 0.538029939505235 0.7670700115865976 0.13161957146044045 0.18877417211208325
0 0.6059068362713033 0.8115662004161811 0.11155937697836435 0.1633377610179167
0 0.5783440010160528 0.6876377379352435 0.10309842378986112 0.1210047906531944
0 0.46758356343138174 0.628878374143785 0.1183073439616777 0.14320709897381967
0 0.5977956066248338 0.4930162221676741 0.12791471732199752 0.20741506933854179
0 0.6092764184743359 0.6376383911456255 0.07719766508343398 0.10323540919430556
0 0.6666661945936176 0.690473756836945 0.14205910447712727 0.2093048776591669
0 0.7017682129109833 0.7498130424561464 0.1166496687014785 0.20091049620027784
0 0.7407941706220424 0.9138034604841673 0.11723616689245624 0.152545731382639
0 0.8352435334669126 0.9144411997505909 0.12579229534115868 0.1371389369297223
0 0.7864984170039978 0.8181104071975354 0.1547228787873866 0.21272081838861112
0 0.8307054404097463 0.7980713173417715 0.05844766508343398 0.10279899810013884
0 0.8882999344168525 0.8548129330330909 0.07826884215265509 0.09389677678548622
0 0.6872542542954132 0.5622039396826046 0.11222776232447185 0.11653549620027803
0 0.7490006597679086 0.6237239743518757 0.10769739258219672 0.14920252583555574
0 0.664211822703636 0.4500851461796186 0.10605300542706679 0.14760365824437507
0 0.7741799649471484 0.37461498033579926 0.09725785956550972 0.1286718202884723
0 0.3799485238559743 0.8624883483082293 0.09183337516934217 0.11450021751493082
0 0.8636507372212427 0.756702088143334 0.08631371551297491 0.15806837955902786