0 0.5072358936402572 0.7940948339510028 0.08367514951546724 0.17209763192686936
0 0.4426710130663249 0.8655481488809802 0.052228771539424915 0.07874573821317554
0 0.817286052966207 0.10390444333768101 0.08730289406758587 0.1348887303552929
0 0.9772462889683506 0.3159250620299841 0.019066346297158532 0.16130137303552933
0 0.6976291168281776 0.08892579859052997 0.12349176634364482 0.11788532092583345
0 0.5679469706669048 0.04918259429008502 0.09066855866619043 0.04938787799792801
0 0.5403197253584818 0.23130373552257938 0.10922145273377612 0.18107452564056317
0 0.48482347820847344 0.1730695504525568 0.09217606436617345 0.1600342795695046
0 0.47497359478454937 0.30272066314900387 0.08889824505632156 0.11315927956950453
0 0.5687839429232936 0.38468560070022584 0.10292789406758587 0.13561647642635144
0 0.39585490529232514 0.49263287965055785 0.10148536238870207 0.204075377997928
0 0.42805503611835916 0.34599547415003984 0.06458665990702758 0.09956766046291676
0 0.3862770815429976 0.28212987324041705 0.11711036238870207 0.20480312406898663
0 0.3682097785767905 0.21544964143738216 0.0902200804577169 0.19887845574818702
0 0.3770816700464862 0.06615811683027628 0.09739915990702759 0.10109592721213971
0 0.2818620051957801 0.04918247849326605 0.10971348960843982 0.07675089867609244
0 0.3036334623690316 0.13014353411761856 0.12961036238870208 0.20538532092583345
0 0.2519781272197377 0.14027835938667818 0.044492681194351034 0.10174659057054058
0 0.21130920457536145 0.07176164578060831 0.06840007475773371 0.08728598428423429
0 0.32586446940639713 0.40629081120592375 0.10096120248167448 0.10749147642635144
0 0.2825075893366678 0.3313785483856422 0.09108345792955612 0.14440927956950453
0 0.31459955145359786 0.5225515119917121 0.08930243664223267 0.14121150496239884
0 0.18076014699445192 0.5758862196019259 0.08330380891829185 0.12224318114108108
0 0.7296660846450908 0.16879738916107057 0.07774222376899793 0.10952485731976358
0 0.20638712177185609 0.1757770576912671 0.06561356436617354 0.158797111248705