0 0.36658402764314785 0.2640625 0.09625687056996624 0.1765625
0 0.42145721144525616 0.1828125 0.05806185079830275 0.0828125
0 0.14743621334806045 0.9640625 0.09511618182494201 0.071875
0 0.2692157128537689 0.96640625 0.12617518083635879 0.0671875
0 0.40838032502077815 0.8296875 0.12482753954332697 0.1875
0 0.47199981464065477 0.87890625 0.1051862015966055 0.165625
0 0.4640665923209837 0.74765625 0.1001511917107738 0.11875
0 0.3589599396592453 0.68125 0.11360619665368965 0.1421875
0 0.5183415513319629 0.546875 0.11634387749004844 0.209375
0 0.5059158527011071 0.6984375 0.07301568874502422 0.1046875
0 0.5567170073400117 0.75546875 0.13359504448624282 0.2109375
0 0.5845754104960417 0.81953125 0.10677787650146531 0.2046875
0 0.593943798823324 0.95390625 0.10318334980971962 0.078125
0 0.6922857983290325 0.95625 0.11316584486680377 0.0546875
0 0.6591496461615856 0.8875 0.14408687551288218 0.2
0 0.7104083986330435 0.87578125 0.05426568874502422 0.1046875
0 0.7604601367700454 0.93203125 0.07375051779449712 0.084375
0 0.6004099520165349 0.62265625 0.10927152372599629 0.1125
0 0.6546716876820791 0.690625 0.10142453163466172 0.15
0 0.5950287267311143 0.50546875 0.10136086463846716 0.1484375
0 0.7230529090503479 0.43125 0.09272069368794007 0.128125
0 0.2273438892415034 0.9203125 0.0873965237259962 0.1125
0 0.751939324032195 0.834375 0.07856003460041094 0.1640625