0 0.4448909307267964 0.20048178725522595 0.07461050992479734 0.1632882262518895
0 0.49864732340703277 0.12684759520420347 0.04709763192686935 0.07442314732681177
0 0.229854821335609 0.8984543685993781 0.08213191149637407 0.15749325256024882
0 0.04506663667987119 0.6984907079066252 0.032131911496374024 0.1545810841867496
0 0.34464506740666756 0.907435984497333 0.11636136228216235 0.15637036831702958
0 0.47031930954878476 0.9314510661944212 0.08688787799792799 0.09232327886860787
0 0.47606623366055256 0.7352740162085386 0.10004715756743252 0.174119310438639
0 0.5347177956950458 0.783560326788352 0.08503858767505648 0.15298776308359247
0 0.5297862390372361 0.6608585741575161 0.08292812406898661 0.10767526308359247
0 0.43183458250326073 0.592926892488663 0.09332196856846853 0.13009629465362343
0 0.5829539727022979 0.47367011632147804 0.09005572745980875 0.19379477360693614
0 0.569191187341825 0.615478184723212 0.05898120181924558 0.09537268415851478
0 0.6156702351082946 0.6715237873964004 0.10568072745980875 0.1947048262236546
0 0.6404562193925288 0.7327497137329944 0.08202490363849116 0.18865224729857707
0 0.6495872785315381 0.8951587084713225 0.0937586162111037 0.1394712946536238
0 0.740794475388385 0.9023804032943552 0.10531254631872748 0.11988683674699843
0 0.7112824497478217 0.8069614874811049 0.11974322745980874 0.19552387357870132
0 0.7583565028909749 0.7916858270001135 0.0419392510334573 0.09749662628012441
0 0.8042726244787621 0.8524644323041375 0.06315927956950454 0.08470819994353036
0 0.6593217276646965 0.549125871653737 0.09201202564056317 0.10197129465362345
0 0.7085811730738014 0.6144099664344175 0.08282111621110388 0.13883425782192055
0 0.6564984805601807 0.43805186376122923 0.08111306699689198 0.1356182525602488
0 0.7772797074008169 0.3738311980891532 0.07711477171162162 0.11668624203690517
0 0.3041955417661044 0.8126541055157857 0.07028257485477489 0.10382222099021768
0 0.7973440742310931 0.7541634401966455 0.05847608767505648 0.15144067363517094