3 0.6569424299325923 0.49904009057453685 0.19341469847574827 0.21764883538669527
0 0.833059502337691 0.41631189221115017 0.11842378883482815 0.21659227767481415
0 0.7157462999531178 0.8017360154394606 0.09789312021691714 0.1783829495445132
0 0.7134167063725844 0.9385638928441222 0.11292724687674216 0.07736608656782167
2 0.4077640656676035 0.38037196924514294 0.3493384873105764 0.4355506419174501
1 0.4470346021647405 0.1561532523622527 0.25656920432948094 0.3123065047245054
2 0.2670471203151131 0.10745534673462265 0.22471924063022614 0.2149106934692453
1 0.332401493066113 0.5892955906593549 0.18464875253408275 0.3220089531727101
0 0.2674769715960907 0.8463020480084162 0.06462610226293633 0.09911211179556503
1 0.5169047998549219 0.8735366374866448 0.1653260599120669 0.22291668874473985
0 0.03344286006157637 0.9130803533580446 0.05648634933607005 0.04258929328391083
3 0.6488406010845859 0.8525197546396874 0.14832945745273882 0.2551289880191006