1 0.33359375 0.8984375 0.15 0.20234375
3 0.71015625 0.92109375 0.10625 0.11015625
3 0.884375 0.4484375 0.11953125 0.08203125
3 0.340625 0.74453125 0.12109375 0.14375
0 0.4875 0.30078125 0.04921875 0.10390625
0 0.81015625 0.95078125 0.04609375 0.0890625
0 0.78203125 0.8765625 0.07734375 0.11171875
0 0.65234375 0.9625 0.06171875 0.07421875
2 0.65078125 0.171875 0.11953125 0.234375
2 0.73671875 0.2296875 0.13515625 0.22265625
0 0.66640625 0.0328125 0.08203125 0.065625
0 0.6296875 0.47109375 0.115625 0.12265625
3 0.36015625 0.44609375 0.14453125 0.2859375