0 0.224628702016535 0.6255652633672713 0.16619268577927473 0.09251585868872639
0 0.15131587741568636 0.5832863093570898 0.07710101087441493 0.05243520401018138
0 0.8978831768076642 0.7529872121259942 0.14769735376405252 0.09854768268618094
0 0.7294502173023931 0.9542486254375862 0.15066584486680376 0.05641472668681722
0 0.900872867035563 0.6412502807924488 0.1522866946765234 0.13452154535327168
0 0.9254019762368226 0.5188212974617669 0.11175985376405251 0.09812951201463563
0 0.7323868052862957 0.5368974934356772 0.17808519072219048 0.11608062802354446
0 0.7747454016359742 0.47564236744108596 0.15713602076024671 0.10021927068745348
0 0.6583245641835442 0.49382819875872297 0.11463018577927464 0.09191587468172671
0 0.6010612094309088 0.5947725334181779 0.13545202174882984 0.10465223201781733
0 0.4758768201150433 0.4635668920671333 0.19658052273741297 0.11004880402608971
0 0.6119734876055293 0.46124241808558697 0.09805018083635879 0.06829656134627218
0 0.6625119984799441 0.41024353942549574 0.20034219269935694 0.12571016669318064
0 0.7184410049057348 0.3804111360995863 0.1915746877564409 0.10218176002545346
0 0.8734932608372338 0.35407699745381266 0.14489068874502423 0.10632382001909005
0 0.8826228631184113 0.2642968821212217 0.14533635771838505 0.11726132001909004
0 0.7840606877192601 0.3045758894414041 0.20241402866891214 0.13822834802672607
0 0.7662484466165086 0.26216112277208603 0.09734984387822046 0.051109061346272175
0 0.8207250409890208 0.21042644744585845 0.08873884783255326 0.06974997334499947
0 0.5424687539171517 0.38305323607572384 0.11032468775644091 0.10123633068109025
0 0.6009789322820526 0.3282390140833598 0.14294618676785795 0.09693063868554459
0 0.4363633339552077 0.39745099606140627 0.1396938527754692 0.09376927601845368
0 0.3665057731945236 0.2895561327179976 0.12225168479069151 0.0873192813494538
0 0.819084356161148 0.6918855327816311 0.10949701680591409 0.08092383068109026
0 0.7277735370346881 0.22810374876667722 0.1514298488211363 0.07516472668681722