0 0.6357527985089774 0.6094426040269013 0.09528592378986112 0.12341756784239592
2 0.6643027651536062 0.8525850944159629 0.18646420171816516 0.22792136137453234
1 0.8079586691557636 0.6089878233850637 0.10373358887329509 0.22514384215265543
1 0.804788324289575 0.7735449683421096 0.12216932835784541 0.16066526232447184
2 0.3993494725259811 0.9280199429001964 0.10976450361804461 0.10236143939369313
2 0.5645484266189955 0.8531383723442671 0.10457239258219672 0.15195200361804453
2 0.1988901221171244 0.17422431479017814 0.1433825870642727 0.1789172953411587
3 0.6190930794894992 0.21375164575001535 0.1759294934412793 0.2647662641334942
3 0.475196994572933 0.12000936906490667 0.15127033016686778 0.2104948439616777
1 0.5806900780191612 0.05614602216255293 0.0948698439616777 0.11229204432510587
0 0.9462022133652687 0.06727727894841624 0.0529346494796016 0.11808161465389255
0 0.9232605218238688 0.44556605325867576 0.06576219810012063 0.12498671189493056