0 0.27265625 0.17890625 0.08828125 0.11796875
3 0.084375 0.49609375 0.0578125 0.246875
0 0.578125 0.1 0.084375 0.10546875
0 0.73671875 0.16484375 0.0453125 0.14921875
0 0.890625 0.253125 0.06171875 0.1203125
3 0.9296875 0.0515625 0.07109375 0.10234375
3 0.64609375 0.21953125 0.13828125 0.31171875
3 0.1828125 0.10234375 0.07421875 0.1984375
0 0.4875 0.7484375 0.084375 0.12421875
0 0.57421875 0.73046875 0.084375 0.06328125
2 0.378125 0.66953125 0.15546875 0.128125
1 0.1890625 0.9234375 0.16640625 0.15234375
0 0.5609375 0.63671875 0.07890625 0.12734375
3 0.78671875 0.71953125 0.05390625 0.08203125
2 0.49140625 0.9 0.10390625 0.2
3 0.3734375 0.4 0.1859375 0.31015625
3 0.2828125 0.334375 0.0734375 0.18671875
3 0.4015625 0.221875 0.140625 0.14296875