1 0.1018498880727022 0.32496143119435106 0.20211805366555097 0.3780478623887021
1 0.3443247761454044 0.6597563203182583 0.2753010236113216 0.3394331126408037
1 0.8324792819991369 0.8063456411407195 0.2580408007386847 0.3257312455605246
0 0.31282374950902064 0.34596161808868525 0.10089085518980259 0.16011768119435105
0 0.17217147843178182 0.33144066015912915 0.0962124455488822 0.16135239926336578
0 0.7520761052879983 0.14083561960129456 0.09298745159900648 0.14394637797604237
0 0.8452090026322786 0.30978199757733693 0.0869192587805987 0.17475933540139543
0 0.9367566740788599 0.47471286490971754 0.06944086729005079 0.12355746832111639
0 0.759059441836449 0.670015021210449 0.08499314441741408 0.11215007475773361
3 0.612656619627742 0.6066741510280766 0.14706693930236625 0.3117237398605413
3 0.6539532644379394 0.45649918840694353 0.23035213797450638 0.3987645539746133
3 0.2291457246211528 0.8625539023654589 0.22178513817089804 0.26853075075630456
2 0.41086581888905727 0.2848762886393746 0.21436352361132163 0.33517194753799606