1 0.9144919507081344 0.7743027114406453 0.17101609858373124 0.24058513568479167
0 0.5568474614496765 0.8856917542954132 0.3176249466899989 0.18841620533620979
0 0.46352527013044853 0.9751836643482648 0.1460215720082724 0.04963267130347049
3 0.2985707901018135 0.765190067276569 0.4481295120146357 0.13123222636710885
1 0.08190835940481489 0.5305340270237929 0.15447151336727116 0.25794305404758583
1 0.33922196741722344 0.6353697704650723 0.34511469470081657 0.2694957869734157
0 0.46700951806172436 0.4788851543408416 0.30018290802036274 0.16564044662978258
2 0.15424479404040722 0.30555836047002105 0.30321700135263546 0.15799172094004205
3 0.11083805000795419 0.0643667944366475 0.22145792401336303 0.109983588873295
0 0.4738294933561352 0.19269867084918507 0.11471702800763595 0.06222776232447189
1 0.6145443053389543 0.07358790196599249 0.31658861067790856 0.09935370533620988
0 0.640355016709089 0.3458690157153739 0.37574652936027136 0.21800853007601068
0 0.6990385786919079 0.22245917118786931 0.138609061346272 0.10251856965141817
1 0.6795346006922262 0.22377933174874745 0.25021927068745364 0.16614505766563054
0 0.7356840560152721 0.15098696291098337 0.09911020934118149 0.06297139077317437
1 0.8711675700190901 0.44322645182970694 0.2576648599618199 0.24648765490666857
1 0.810687887412451 0.6249434413142574 0.24260676535645337 0.18292312188998175