1 0.57109375 0.17318047441542267 0.15625 0.26587957576345356
1 0.6265625 0.7331770988114487 0.18125 0.3382328078856062
1 0.0984375 0.5697541327309757 0.125 0.24926616061076282
1 0.33828125 0.9236762292472147 0.1671875 0.15264754150557067
3 0.2984375 0.7415487397081962 0.178125 0.26766521637033697
1 0.61015625 0.9920112542520638 0.1953125 0.015977491495872444
0 0.68203125 0.9450085150874983 0.115625 0.10998296982500336
1 0.3328125 0.19044849637615605 0.1375 0.3377865266718391
3 0.596875 0.5080974794163925 0.1796875 0.23810526212797162
1 0.44453125 0.7034742680470253 0.146875 0.3619893012176464
2 0.73515625 0.7412602789670488 0.146875 0.3291768012176462