0 0.6926242820636623 0.25171863523456584 0.11412850405718977 0.18862648801421236
0 0.6543078502448813 0.16630675769037445 0.06558981818121908 0.09085737336031982
0 0.766425057230761 0.9425273417024294 0.10526024431795697 0.03829893939369313
0 0.6470165381560375 0.9417604590698554 0.1351932061685101 0.053917295341158675
0 0.5392467228141923 0.8108147535065029 0.14093646590774292 0.2040810696514182
0 0.4666898843404338 0.8536440626424715 0.12177736282348768 0.17966092378986112
0 0.5001626777648864 0.7246625695398765 0.11161143019392802 0.1338571008590826
0 0.6174553177807726 0.66778072648271 0.1260830332781829 0.15803158525525038
0 0.48657528490633134 0.5193133282463037 0.13816602191409721 0.22422979534115867
0 0.46908600162814834 0.6716537562200364 0.08315914772652384 0.11363313206674715
0 0.4080706351512126 0.7240251616925318 0.15228306899199798 0.2280917797373263
0 0.36799901421005005 0.7838848405707757 0.12709215421934558 0.2158440852552504
0 0.33049723986032087 0.9201023015611952 0.1110386858759707 0.10104460085908258
0 0.23303190463297324 0.9142827487568045 0.11693412986961631 0.0810596494796016
0 0.278667732960462 0.8486677148356065 0.16629102191409723 0.22570376413349402
0 0.2321609257362916 0.8300305794894992 0.06438187418757346 0.11108798620518989
0 0.17032339895093035 0.8847866785395595 0.08291368587597074 0.09957063206674696
0 0.3901445698093674 0.5883709447092187 0.11777960957707681 0.12949714947960161
0 0.32427806209872967 0.6503630116471033 0.11525462743398433 0.16370837516934209
0 0.4179440616916926 0.4713948066495778 0.11522735389503395 0.16214587516934215
0 0.30701229018133713 0.38744693181891987 0.10390802434972919 0.1396976650834338
0 0.701440985396094 0.9092478522178791 0.09716710064862308 0.11124511646291495
0 0.2001666319048018 0.784875209747224 0.09669554220663672 0.1736632293077852