1 0.66640625 0.8984375 0.15 0.20234375
3 0.28984375 0.92109375 0.10625 0.11015625
3 0.115625 0.4484375 0.11953125 0.08203125
3 0.659375 0.74453125 0.12109375 0.14375
0 0.5125 0.30078125 0.04921875 0.10390625
0 0.18984375 0.95078125 0.04609375 0.0890625
0 0.21796875 0.8765625 0.07734375 0.11171875
0 0.34765625 0.9625 0.06171875 0.07421875
2 0.34921875 0.171875 0.11953125 0.234375
2 0.26328125 0.2296875 0.13515625 0.22265625
0 0.33359375 0.0328125 0.08203125 0.065625
0 0.3703125 0.47109375 0.115625 0.12265625
3 0.63984375 0.44609375 0.14453125 0.2859375