0 0.33678364665777744 0.4080554214464933 0.2381935970739585 0.16951763867708358
0 0.507209821903993 0.1720484523160421 0.19219011284152784 0.13877547853284736
0 0.8576786813270484 0.3615538955140285 0.15247299620027793 0.10974128875333342
0 0.9741699714115619 0.6628644352172925 0.023511541603124898 0.07082164627652787
1 0.8766981722089927 0.5183312255861466 0.22885627108590292 0.23801306553881965
1 0.5761506987101384 0.6356219494662505 0.3246051821800696 0.2589814886008336
0 0.42093456221725634 0.721901675530556 0.11657186379145838 0.11046733415618064
0 0.41348247207715205 0.8741545065526045 0.22075152393569458 0.15818009517409734
1 0.05371004141569382 0.7485297253987154 0.0966607137152085 0.19433318787965276
3 0.1851652888502427 0.4740953826931599 0.24368118407993072 0.20400174145062522
2 0.11200511825677065 0.5628838193385418 0.2240102365135413 0.23514263867708357
3 0.04550860248920123 0.4441325129177779 0.09101720497840246 0.11639002583555569