0 0.2188566226528041 0.5479389590783419 0.17391019867214014 0.08730657095872499
0 0.1466089179305398 0.4863863893855612 0.08154998184962739 0.05439981252120454
0 0.9190440167756305 0.8243302341364493 0.14113406010845858 0.09241073320977691
0 0.9339645139469601 0.7026908471131408 0.12414654800821019 0.12618553248413775
0 0.9723302992752515 0.5716119727037039 0.055339401449496964 0.09415179328391084
0 0.7869617280389984 0.5515425532810758 0.18343064441741408 0.11263395317271012
0 0.8460094751121321 0.4932191325925032 0.16302724082661796 0.09629962504240908
0 0.714714023316734 0.48998998358829515 0.11615224082661797 0.09466271397248338
0 0.6324605804001304 0.5889756098118305 0.13808178298109547 0.10480160580511537
0 0.5228623457218328 0.42011153712382504 0.20682269262201594 0.10563990870767301
0 0.6706913125443454 0.44464276725355917 0.10193520472226432 0.06760914065150558
0 0.7352805324901162 0.3986283736068286 0.20691359621281222 0.12126490870767297
0 0.8031356530016212 0.3767236025554364 0.20051815046753835 0.09604665389834954
0 0.9510544816532356 0.3785440189828396 0.09789103669352883 0.10192957694917473
0 0.9655982498036082 0.28115066381069653 0.06880350039278368 0.11339286660488845
0 0.8894680627407372 0.3072890670760739 0.20700449980360824 0.13688990870767298
0 0.8790118308911097 0.2560812311412245 0.10337953005422947 0.04735120435383653
0 0.9482930960164204 0.21068439638750136 0.09101588544042372 0.07035219473518968
0 0.6107208940246306 0.3443724379421316 0.10838519262201593 0.10220239546082902
0 0.6854572736113216 0.2964408802302506 0.1473931504675381 0.09419148801910052
0 0.4934788518701529 0.33908971561694584 0.1458306504675381 0.09413692431676957
0 0.4395720809893057 0.20656988149619498 0.12391019867214012 0.0855605324841376
0 0.8513520018467118 0.7399577233366761 0.10982042759490121 0.08038195916315996
0 0.8435874152982612 0.2112151644436687 0.1628727047222643 0.06973712504240899