0 0.5739360409216581 0.25854469918409617 0.07582343393541642 0.16314046265733612
0 0.5137773017214313 0.1869764298880643 0.04943949400955035 0.07698947510489074
0 0.8625869233052793 0.9292625394288674 0.08347224282842376 0.14147492114226523
0 0.7527406973518964 0.9345348236596426 0.12017363466105593 0.1309303526807149
0 0.6344371306543406 0.9633809514591813 0.08835815027015244 0.07323809708163723
0 0.6054961312024949 0.7829885921304818 0.10271331614940174 0.17452824855010754
0 0.5541990152305785 0.8313067703449392 0.08637898801910034 0.15303175684847722
0 0.5453101101511025 0.71063907283445 0.08334326805616729 0.1107258576783142
0 0.6317808342903869 0.6431690755337425 0.09499009618646852 0.1318671518694554
0 0.47114837993655045 0.5281449589323585 0.09404764427970277 0.19413035352912936
0 0.5017039538905003 0.6668172952400484 0.05946925843752062 0.09644987012586874
0 0.4623711245790728 0.7230547172307282 0.10811014427970278 0.19519594606059662
0 0.4449951408211417 0.7832934776036904 0.08456351687504089 0.19029495850815117
0 0.4552481384588889 0.936201299589726 0.09531747840045349 0.12759740082054805
0 0.3662228439938518 0.9450901248997535 0.10614585099579185 0.10981975020049291
0 0.38522332593768444 0.8566825107971695 0.12217264427970279 0.19626153859206363
0 0.33799366187253393 0.8429742856922786 0.04239088584218216 0.09827247925407567
0 0.2995784918169336 0.9031771572680402 0.06377481252120454 0.0858675676363582
0 0.40598966060658953 0.6034633450302669 0.09406251324684387 0.10530465186945541
0 0.36539443165798174 0.6681761178507838 0.08437997840045366 0.1404133576783142
0 0.395947483294595 0.4943959983496148 0.08270835099579185 0.13716995850815117
0 0.2715179129688422 0.43432041349181744 0.07574902286549072 0.11638386182749905
0 0.7810070518910673 0.8555059000185775 0.07218751324684387 0.10364706348717334
0 0.29544157412358596 0.8070242076829587 0.059816488019100514 0.1510189709557057