3 0.3141072110706148 0.7918002391458662 0.12513169530200424 0.17193031094499087
0 0.2644756209414601 0.6457374666446289 0.15313702335696497 0.11567366689245624
1 0.09488218646000857 0.7062666101313368 0.14576244404836297 0.1839323439616777
1 0.11998250870898161 0.38571509271848226 0.2215065901291547 0.15981981456303548
1 0.7716753893503672 0.302267511874246 0.396308013327835 0.215784288782438
1 0.7773163209288247 0.1196630517883377 0.299739238717229 0.11399605947465288
0 0.5119951978092867 0.11713667458283065 0.1566424565847752 0.07529432835784543
0 0.7740285333860949 0.0020107208285004563 0.15118206677218976 0.004021441657000913
0 0.8095046276053776 0.714978873814605 0.18406877461060622 0.10637390999505136
0 0.9387515775927424 0.5308827555426678 0.12249684481451517 0.1353310696514182
2 0.9113516547897735 0.7559170550676981 0.177296690420453 0.1635246687014785
2 0.9606061940483631 0.12648850463815672 0.07673965940862715 0.17095430913596857
1 0.4038323229738888 0.433434461217562 0.29829641066226814 0.1716447851643934
0 0.9904581727697156 0.25387984226825633 0.019083654460568766 0.09802142017181659