1 0.5052579627913569 0.23016664532809344 0.3939583642426358 0.2566748789844485
3 0.19936013765628074 0.15188420013588602 0.21782739546082905 0.12278120818165772
3 0.661175635294028 0.34316330808511264 0.2246428798517325 0.18404649011264293
0 0.522286750084818 0.36072823047738733 0.18281747840045348 0.14683071337743775
0 0.8192708774894797 0.384612752773117 0.18906747840045374 0.14726775595208466
3 0.9344196731356433 0.5866665616914088 0.13116065372871333 0.1540205005042031
0 0.9593601641499685 0.7834540803808423 0.081279671700063 0.10107046312533612
2 0.46907744844820465 0.5331388260182415 0.45426094718226045 0.28738928344359455
3 0.18972728746309708 0.7910506069408205 0.14177581614940155 0.17669317599857096
0 0.095114158792491 0.536603771539425 0.14217263103285877 0.0987866972858944
2 0.28066476759283115 0.6501138865260171 0.31692463828925294 0.2824618468013618