2 0.6193830065587207 0.2709788744281255 0.24639912369900402 0.2944449034947224
1 0.5408696664422303 0.7392554425323963 0.2506572557657513 0.37569490349472223
1 0.40874980099536823 0.1557857130496184 0.22000039800926358 0.296951654444653
1 0.20610615784734465 0.09709712480937517 0.1690376843053107 0.1880844943004168
0 0.32537513625061865 0.030257076556736383 0.07112472749876275 0.0469126740119445
3 0.9335450831075438 0.1719114736862855 0.1304532191310198 0.2558525693385418
3 0.7307852532793604 0.14529050303722285 0.1618050384437538 0.16918902393569457
2 0.7976486109243062 0.7202015436904173 0.21662309249133962 0.3218425516711113
1 0.8145306529861045 0.4577742788727785 0.15642922094004205 0.30483558320625015
0 0.10197309927720295 0.36766223831649314 0.07998847241038014 0.12670927678548613
3 0.38042681139927614 0.7409965144363893 0.11729147783744712 0.2727127610179167
3 0.205060561965103 0.9379409835668404 0.12480964947960169 0.11838893692972227
3 0.041051088026584345 0.8304882402163543 0.08210217605316869 0.29139002583555573
3 0.7197437754419133 0.4156757382195839 0.11587281999010238 0.3647547906531946