0 0.7023846770027428 0.6892520927551817 0.07341188296032683 0.17216026514684693
0 0.49158422580266975 0.8266416585174399 0.09553944003242129 0.14581125269929238
0 0.38870543651325545 0.9595966217878651 0.10480312406898662 0.08080675642426982
0 0.056286734694009855 0.8574931912867119 0.0386344685684686 0.12748638257342354
0 0.25518434532354234 0.681834030918394 0.11291103060296184 0.1844952444009227
0 0.3051800372179905 0.6186721027039368 0.12472182588823219 0.20407403859206372
3 0.6170335661683225 0.47804098300227515 0.2140411910658786 0.24976689212119307
3 0.46469412427387435 0.5334477655710542 0.14936656906380658 0.3320573286340201
0 0.28202921174404305 0.2720455564382031 0.05785965756743261 0.1725387734452168
0 0.05766275847705539 0.21845492468997224 0.0925642973521849 0.21565015601864027
0 0.768882740694375 0.14467514379480023 0.06832196856846853 0.12973596680652094
3 0.7630095380465599 0.35286615209317 0.13257717535011296 0.30587333693238977