0 0.5732489304448134 0.051183251854926524 0.10642927513842756 0.05817105027685519
0 0.5955337430601697 0.019321240748430453 0.11454216378737563 0.038642481496860906
1 0.1420687816168326 0.07325762607973416 0.21888730721668548 0.1465152521594683
0 0.15623979411221725 0.48793438926725674 0.11191781153562212 0.0709714389258032
2 0.13413935957917988 0.5664296290882239 0.26827871915835977 0.20558387569213785
0 0.0008058266519004733 0.49743620450350684 0.0016116533038009466 0.07387759099298634
1 0.4858355475083032 0.893179787172387 0.3342119185677376 0.16457694632705894
1 0.8313830891472851 0.6002775817460295 0.2514785641565158 0.20906982109634614
2 0.59424734114987 0.2941427074381675 0.2208503254152827 0.16820498920265833
0 0.47479763186600116 0.3733772293373926 0.14466975478036198 0.09641152991878954
3 0.49845757248984734 0.4776747031192309 0.24074132325581452 0.21149391424880087