2 0.1421875 0.71328125 0.12578125 0.209375
1 0.5140625 0.4859375 0.16484375 0.3265625
1 0.2640625 0.5203125 0.175 0.1875
1 0.8046875 0.3625 0.18125 0.25234375
1 0.3734375 0.30390625 0.1859375 0.31484375
3 0.14296875 0.25078125 0.0578125 0.321875
3 0.61640625 0.86484375 0.13203125 0.2703125
3 0.86484375 0.91484375 0.14921875 0.1703125
1 0.46328125 0.834375 0.18828125 0.30390625
3 0.2296875 0.9171875 0.15390625 0.165625
0 0.09765625 0.359375 0.04296875 0.15703125
3 0.8890625 0.16875 0.12109375 0.13828125
1 0.86796875 0.07578125 0.115625 0.1515625
3 0.37734375 0.09296875 0.1765625 0.1859375