1 0.7171875 0.81875 0.18203125 0.2703125
3 0.84140625 0.8609375 0.121875 0.16484375
1 0.8359375 0.5203125 0.17265625 0.26171875
0 0.8359375 0.36328125 0.0484375 0.0921875
3 0.76953125 0.359375 0.08125 0.08046875
2 0.821875 0.14296875 0.1125 0.24765625
1 0.54375 0.2203125 0.20625 0.2078125
1 0.52421875 0.47109375 0.2203125 0.3625
0 0.3171875 0.1984375 0.06875 0.1453125
0 0.40390625 0.621875 0.06875 0.18359375
0 0.04296875 0.04609375 0.040625 0.09140625
1 0.10703125 0.92265625 0.1078125 0.1546875
2 0.3703125 0.90859375 0.171875 0.1828125