1 0.2847259487188737 0.18862257467733606 0.16745728949430205 0.243352353895034
1 0.5376943976471443 0.9250104935104735 0.16854029238978613 0.13252394805083548
0 0.505098183212505 0.6695377893705582 0.09812078453190339 0.16251936525911964
0 0.5629128372652809 0.6349621919683459 0.09023120181924557 0.09368754464226861
0 0.4265451517809735 0.5460105604738766 0.12562935442427947 0.18329551542127548
2 0.5890130725829724 0.4768224095009419 0.19369445781510172 0.2703512305182395
2 0.4132405545908952 0.06505048133231363 0.17039389081820958 0.13010096266462726
3 0.09465322043049543 0.08073180275994354 0.08569355913900915 0.1614636055198871
2 0.1972920295740138 0.8591356720795483 0.20175951488719618 0.2423898717519414
0 0.8004298380938504 0.9321336521973412 0.06588617328319835 0.10731366801906325
0 0.8720673593911874 0.6678160077172283 0.11105743217453856 0.17211255357072233
3 0.8866522059575839 0.4552341871003772 0.11541529238978612 0.1315966477265238
0 0.8378937981807544 0.07748706250576676 0.08856169396136267 0.12488299756436802
0 0.63081108250777 0.31684739164403447 0.0905266083532208 0.16707049756436804