1 0.07672866989997515 0.6144456661281599 0.1534573397999503 0.28514133225631966
1 0.8141257183297647 0.36605890434774374 0.3101264724198928 0.247680312689028
0 0.13540968494366995 0.37058786977538205 0.15859741316955053 0.13797539152687516
0 0.18825955179500192 0.3006760664887501 0.13429609514371962 0.1077423776591667
0 0.3765922775801071 0.24955324363482673 0.1674268438900784 0.11944359707395842
0 0.1464749362638182 0.850076001234271 0.17055184389007844 0.11951633225631966
0 0.5862230610327089 0.702391875378056 0.19894962852981452 0.12954594889756965
3 0.894492831420173 0.2639528501111813 0.13620558762187224 0.1733673776591668
3 0.4432613565595048 0.9406341449453475 0.2077790592503423 0.11101415444465275
1 0.6739313126820615 0.5629312915062158 0.310399257059629 0.25705531268902815
2 0.6352913276592493 0.2250851461796186 0.31992736975432584 0.20887238582729192
2 0.7366719712327587 0.2336990396063548 0.2880408722616082 0.18627003400368078
1 0.7823933673800575 0.7311929418668062 0.38728000580598765 0.26977482465687536