3 0.07460606840162334 0.7862097376755282 0.1492121368032467 0.22702060266810484
0 0.03855960017072682 0.3628817803031533 0.07711920034145364 0.1436481806872661
0 0.6545492813122908 0.5753608531223902 0.10698808451458142 0.16288950361804452
0 0.5169224660760408 0.7546499626879001 0.14795304595791858 0.19462418249628827
0 0.4642492466131392 0.8111356580744872 0.105926232262828 0.17062011646291486
1 0.8437958467054243 0.7569849101106522 0.15468270974529402 0.2510379568065478
0 0.617680050895164 0.07514500565420953 0.136514898209672 0.15029001130841907
0 0.14752521669434965 0.9663299276350482 0.1075912569398303 0.050798939393693135
1 0.36362868291804873 0.8382104924252266 0.24604818938722844 0.2916430246489437
0 0.42466123612033935 0.08096231569468929 0.1350525277593213 0.16192463138937857
0 0.7622403817091177 0.02179095432015707 0.09739423658176474 0.04358190864031414