0 0.3714976209854707 0.23318079693790014 0.09642569990914299 0.174387877997928
0 0.41588170680654796 0.15809305975818172 0.057219357756487496 0.08059933664159917
0 0.2445709458368131 0.9284567938375282 0.10317366689245622 0.1430864123249435
0 0.3609771958368131 0.9307491939613627 0.13911116689245623 0.13850161207727468
0 0.4919748903188891 0.9591696004953381 0.10211577792830404 0.08166079900932388
0 0.47145991519497554 0.7724659288647696 0.12347952283992143 0.18500004631872766
0 0.5363346426937383 0.8206894131490039 0.10514560266810484 0.16232452564056316
0 0.515803057438488 0.6965969416850512 0.0966846494796016 0.11984592721213971
0 0.40866226481086276 0.6300386803125116 0.11016729534115868 0.1391781240689866
0 0.5456156309350934 0.5070464441662506 0.11516905585660826 0.2048758986760925
0 0.5500242492070304 0.6506508949520388 0.07242827792830404 0.10312930810555195
0 0.604370912481442 0.7061774569865321 0.13087594301173802 0.20716614474715095
0 0.6363888743763726 0.7668987872179904 0.10711089439121899 0.19982452564056316
0 0.6668210820874317 0.9280523411897132 0.11230300542706698 0.1438953176205736
0 0.7602811550182103 0.935558780188677 0.12307673111680746 0.12888243962264595
0 0.7174175463572114 0.8408136302697304 0.14502033016686777 0.2093836162111038
0 0.7617474004956545 0.8241740938758003 0.05367827792830404 0.10225601282028159
0 0.8171619188130201 0.8852057932138464 0.07333568068726626 0.09070208271265763
0 0.631331802915932 0.581179611039308 0.105650213703953 0.11247007485477489
0 0.6901169826986872 0.6470443595915659 0.10120173111680746 0.14655397642635143
0 0.6153206213241549 0.46898782609311995 0.0995573439616777 0.14491870181924557
0 0.7279600621881863 0.4025345343225063 0.09232469810012063 0.12587760339082213
0 0.3089399830373714 0.8537415459044428 0.08377521370395283 0.11145123035529281
0 0.7979405280398458 0.7861133217498938 0.07841932835784533 0.1579623573197635