1 0.43240317288118923 0.7610964809142046 0.3908978847458738 0.4778070381715908
1 0.3585342078972156 0.16559188865002947 0.24047126569391467 0.2829392721299112
0 0.02395087677168953 0.34213957363742165 0.04790175354337906 0.20615414727484324
0 0.9285391068166057 0.6696715477629802 0.10680061542376222 0.15829047424624482
0 0.8407315719702153 0.6264639395778117 0.10463791469812271 0.14097542848861017
0 0.6657886579898827 0.296442244419302 0.10022323320977691 0.14840529121570664
0 0.4524850714220611 0.3918511128962742 0.23643853012188493 0.3013066348570076
3 0.7455084182415017 0.1674081907857597 0.2277331635169965 0.2304839518264695
3 0.6207166831328083 0.6672650563877941 0.23229666714519331 0.3165489975841041
3 0.14304800700194012 0.8170912604609816 0.17833336424263582 0.24358998758216438
2 0.2064160478387802 0.9184946506088231 0.18892363466105583 0.1630106987823538