0 0.26640625 0.790625 0.0671875 0.1515625
0 0.21484375 0.6890625 0.08359375 0.11953125
3 0.30390625 0.18515625 0.12734375 0.14921875
2 0.8078125 0.19765625 0.159375 0.1625
1 0.6359375 0.371875 0.16953125 0.27578125
0 0.7953125 0.03828125 0.05859375 0.0765625
0 0.74921875 0.5109375 0.07265625 0.16953125
2 0.91015625 0.128125 0.11796875 0.25546875
2 0.8921875 0.61953125 0.12890625 0.275
0 0.83203125 0.89765625 0.08515625 0.1390625
0 0.58046875 0.659375 0.0953125 0.15234375
2 0.34765625 0.1046875 0.13671875 0.1484375
2 0.23359375 0.396875 0.09765625 0.246875
2 0.07890625 0.165625 0.053125 0.23125
2 0.65078125 0.534375 0.1609375 0.16484375