0 0.8725617032714968 0.9024900947588839 0.1471704065339754 0.07427381303532492
0 0.28057110236187405 0.9520154553114395 0.13347177956950454 0.08200449980360816
3 0.8552480405322687 0.6034531519404762 0.20470473242220769 0.26986811416679296
1 0.6332254530620999 0.356374660622879 0.33089905128112634 0.1956226139704013
1 0.49814424751880065 0.038825629783082814 0.3037115049623987 0.07765125956616563
0 0.33504493403656527 0.03397852761834238 0.10062073821317571 0.04744769262201591
0 0.048032931555365914 0.2075125181503726 0.09606586311073183 0.11309996369925476
0 0.5500791209686147 0.17956269662903668 0.10901543507002245 0.05999314441741399
3 0.17665442948845134 0.2653063165513663 0.1821704528527029 0.1885090298578376
1 0.08465532816454377 0.4096199188143025 0.16931065632908754 0.17451016237139494
1 0.1328296166253885 0.09453527429869268 0.265659233250777 0.12655445140261462