0 0.6703125 0.35390625 0.08828125 0.11796875
2 0.7109375 0.11015625 0.17421875 0.21796875
1 0.840625 0.3453125 0.09140625 0.21796875
1 0.84609375 0.18203125 0.1125 0.153125
2 0.4515625 0.0484375 0.10390625 0.096875
2 0.61171875 0.115625 0.09609375 0.1453125
2 0.2140625 0.80859375 0.1328125 0.1703125
3 0.63359375 0.746875 0.16171875 0.25390625
3 0.48515625 0.84765625 0.13984375 0.2
1 0.5859375 0.92578125 0.08671875 0.14765625
0 0.95 0.87578125 0.04609375 0.11328125
0 0.946875 0.50078125 0.05859375 0.12109375
0 0.9328125 0.9734375 0.0390625 0.053125