1 0.5914545631764401 0.15700664019569494 0.4009559484924896 0.21207142743041696
0 0.7080836959074157 0.06109668778274365 0.15883260818516848 0.09259015634451402
1 0.4982953971056654 0.4256644147969796 0.2381369551604493 0.24259146276527802
1 0.7042106861953401 0.46333198821958393 0.36571982122152563 0.2580372376509031
2 0.8150051807353282 0.6114993441272577 0.2860645300058189 0.16105182845659752
1 0.7180987455787584 0.743874126612327 0.340082092433353 0.24964285619201423
2 0.4494765492123006 0.8127643712939936 0.3448015433417385 0.23103832655673634
3 0.288203693612206 0.6501156348773615 0.344673997584104 0.22947582655673635
3 0.18319823178379682 0.9156081226251735 0.26403003333979885 0.16878375474965282
0 0.033778499226848134 0.8871746513105208 0.06755699845369627 0.11631729065319477
0 0.033020567718367894 0.5246558143045487 0.06604113543673579 0.10243662860909737
2 0.023421911359668864 0.30933928561920143 0.04684382271933773 0.19680357123840286