1 0.5294524583610182 0.24002315841485283 0.2401381508305656 0.32220674189573073
3 0.5415984122462161 0.067595358111328 0.19298614126984148 0.135190716222656
0 0.6610715006183089 0.15374548221943307 0.09394786397194572 0.13000528939195172
0 0.4150769686969344 0.6280684609609841 0.1597311551495022 0.23346348933548206
0 0.00928895512181563 0.4783679237057582 0.01857791024363126 0.12763915258848363
1 0.3082099976928734 0.8382162766612951 0.2504353007382806 0.28855978398910553
1 0.31966433914728515 0.6351822819229669 0.1993944324473981 0.24511362087727823
1 0.5357051395810238 0.8833412479338614 0.19020110271317883 0.17452810509226283
0 0.78877078038944 0.9059618876505141 0.10883238433001133 0.0950688472703419
0 0.6955876866186765 0.7082439954441998 0.10310162091177588 0.175681810438639
0 0.6902925100313746 0.8758942270283484 0.07101101172019231 0.13645271046687385
0 0.7966960109542252 0.5272299428980685 0.0982744185677376 0.14893729991529536
0 0.705109288252121 0.5232242533367076 0.12663925046142524 0.1786093893637169
0 0.8911142442967872 0.37773890613695277 0.08397208667404996 0.12008425782192056