0 0.20626105153883226 0.5021747377988909 0.08592168344033875 0.18198205417661056
1 0.47678246266133195 0.16896209325662773 0.1879399253226639 0.3022646290313853
1 0.5868665746740408 0.21468131575403776 0.18667743425111763 0.31937935442427945
1 0.5182934472367611 0.5346620219165095 0.19697973457542908 0.3729410020669146
3 0.6332678364418683 0.45805248014589595 0.0916183043815014 0.24001287799792798
3 0.921915707588197 0.4576352189782441 0.156168584823606 0.2012457845319034
0 0.8669157280793123 0.785083822783351 0.09957508035608384 0.15919952564056317
3 0.6949606818121904 0.8997561170374186 0.14268988068039512 0.20048776592516263
0 0.4503106550268292 0.8437416153825342 0.104371674511885 0.16566784946188057
0 0.35650610794892845 0.8362501389561828 0.13326033360249454 0.21072779238978612
2 0.44613344398705496 0.950338255995856 0.16139324188232518 0.09932348800828805
3 0.519629445204871 0.924251060791639 0.08979097727182861 0.135325377997928
2 0.5668845004004466 0.8140434609154734 0.21568309577735914 0.2816995719592909
0 0.28653097848634923 0.5839748554577368 0.09428756249917622 0.12460620181924557