3 0.3148581781987462 0.4516180839161719 0.2416126415249674 0.2622192406302261
3 0.09948917227969242 0.18564712939029934 0.08577722970625659 0.24725679508134393
0 0.17428239394086337 0.04005789431921814 0.07981478788172676 0.07855224687674203
3 0.40149769561755166 0.3076595265381879 0.20248649758410409 0.2229476623713949
0 0.5218418886500296 0.36614471311007957 0.0770085233378591 0.12070338544042354
0 0.5321267159112951 0.06166174618937098 0.0798784318225902 0.11759656615858279
2 0.6123711648628266 0.3846316135776178 0.18230128546583088 0.3009181262670414
0 0.7854261565278768 0.34269007415361463 0.08765898091420468 0.1363829275949012
3 0.8647158174285039 0.11825822159609072 0.08934876879593148 0.2144806565176624
2 0.6876880951876048 0.9608930899662962 0.1816323793969959 0.07821382006740762
0 0.979647625833495 0.058811019604300886 0.04070474833300999 0.08928066861791084