1 0.8952207533960859 0.4442300247501757 0.1737121144333713 0.29957508035608366
1 0.8260876264673304 0.3147549845721339 0.22775686921373292 0.38792056006354414
0 0.7174192350406052 0.08213162499505708 0.10710919802510191 0.11268300649282177
0 0.649209455583241 0.04809181574229177 0.06756703423772628 0.055805715096963936
3 0.15959744062384615 0.10915463189821122 0.10580511875230769 0.2141091387980701
1 0.3337987993540045 0.246720635955401 0.2197045373200452 0.35968646590774284
1 0.08879013764765556 0.45883130357072244 0.17758027529531112 0.29080009821299113
3 0.23747240284237564 0.6392296899331604 0.1856533050572172 0.1936523628234877
3 0.07747430097360579 0.7301705154212754 0.15494860194721158 0.3697239391223818
0 0.14627120219638018 0.878531923294069 0.11474002775932127 0.18305005357072232
1 0.6191172193152432 0.8528109488616142 0.18515026218161773 0.29437810227677164
0 0.7652469494186029 0.6539168960983754 0.11758562307124425 0.13003414772652383