2 0.8477468974009399 0.5220862435005877 0.18779683135366626 0.2281637305182393
1 0.6648544586963464 0.11869068790127033 0.25044994404836307 0.18084444561520335
1 0.09388272915031746 0.3462358461843963 0.18776545830063493 0.17372169236879254
1 0.9309913064138555 0.5086879910649558 0.11637647241989271 0.2425341477265238
1 0.3051512542896491 0.8221473299490466 0.27416022868809903 0.1906285486994584
3 0.1548285893377319 0.4027819009729347 0.3096571786754638 0.18056380194586938
0 0.0449414608079174 0.6267494606327371 0.0898829216158348 0.12833528003177203
3 0.42527748165759993 0.15906272321134352 0.2986601235152495 0.1738774253226639
0 0.7478412079714305 0.8931879017804183 0.15107441818411543 0.09321598620028233
0 0.22772127309426757 0.9820915255675452 0.14176160266556703 0.035816948864909645
0 0.5299900622198432 0.24061846062944178 0.17607441818411546 0.09365236282348777
0 0.12550921839627177 0.8174483729697574 0.12308581050398355 0.09741256249917632