0 0.71171875 0.31953125 0.0890625 0.159375
3 0.92265625 0.91015625 0.06875 0.10859375
2 0.759375 0.7859375 0.20625 0.428125
1 0.6109375 0.696875 0.13203125 0.2234375
0 0.56796875 0.875 0.0796875 0.1375
0 0.37265625 0.778125 0.09765625 0.15703125
0 0.2890625 0.709375 0.1125 0.171875
0 0.2171875 0.8953125 0.03203125 0.1546875
2 0.278125 0.89921875 0.10234375 0.2015625
3 0.1234375 0.8578125 0.103125 0.16484375
1 0.228125 0.5109375 0.153125 0.30078125
3 0.36171875 0.61015625 0.153125 0.18203125
3 0.38125 0.31015625 0.16015625 0.178125
0 0.5296875 0.28046875 0.065625 0.1640625
0 0.16328125 0.1203125 0.11171875 0.23984375
0 0.89765625 0.0671875 0.04140625 0.134375