0 0.8598316380386264 0.7511859862679977 0.18835194183801285 0.11317752775932136
0 0.9417100687287743 0.7097680467238856 0.08852690445914604 0.06478199568106327
0 0.12386092307170475 0.8370179410852714 0.13889824505632148 0.11778588217054287
0 0.11829970190059683 0.7129994501845701 0.1476612398605414 0.1541239003691402
0 0.08524726525836415 0.5739975069398303 0.09794546312533625 0.11049501387966068
0 0.28839404459145934 0.6095704688445928 0.20427187278026224 0.14064119370616518
0 0.2390006959485121 0.5371855266795871 0.17963250569998318 0.12195175046142523
0 0.3702724752816072 0.5681525293004807 0.13221120248167448 0.11113536397194572
0 0.43751424162525215 0.6844574521871549 0.15652278763096844 0.12513730721668548
0 0.5735013820865417 0.5492883150793665 0.22414733020561534 0.13569287785160639
0 0.42088448047738736 0.5356194339885576 0.1147287715394251 0.08357156847545255
0 0.362990216983734 0.4751337145256561 0.2284741972858944 0.15308063695090493
0 0.29959435250134503 0.43607241208933256 0.21713250569998319 0.12435485965300899
0 0.12469825930627942 0.3929768468530826 0.16600704827463014 0.12730058451458143
0 0.11692432811192836 0.2929267820782579 0.15739687278026224 0.1376373072166855
0 0.22332714742178045 0.34641033235511315 0.23091078243518828 0.16568076650055427
0 0.2418696977900975 0.30015589605020365 0.1117458831718225 0.0631589389258032
0 0.17923330397461332 0.23858853793835405 0.102228771539425 0.08277053207825791
0 0.4967971344323302 0.45337623534514704 0.1265075056999832 0.1185473457733485
0 0.4292547193295225 0.3883834885843495 0.1635704631253363 0.11470045496493216
0 0.6160223818344401 0.47890476634367085 0.1604454631253363 0.11450019586563336
0 0.6904764425943174 0.3646803824750847 0.1395866599070276 0.10538601172019231
0 0.19650646539425018 0.7747868537929129 0.12341535668871888 0.09657221622369896
0 0.28377869234221587 0.26550958821520926 0.172978314114072 0.09352636181247735