1 0.1734375 0.63046875 0.14375 0.090625
0 0.240625 0.13359375 0.08125 0.1125
2 0.13828125 0.11328125 0.1265625 0.2265625
2 0.27109375 0.06171875 0.1484375 0.1234375
0 0.20078125 0.03359375 0.0546875 0.065625
3 0.32578125 0.51796875 0.0828125 0.2625
3 0.3875 0.50078125 0.11875 0.303125
1 0.48671875 0.26875 0.196875 0.246875
0 0.62421875 0.06328125 0.1234375 0.1265625
1 0.74375 0.1078125 0.1265625 0.215625
1 0.81328125 0.33671875 0.0796875 0.328125
2 0.7265625 0.33828125 0.140625 0.33125
3 0.0703125 0.559375 0.0765625 0.253125
0 0.30859375 0.775 0.1234375 0.278125
0 0.390625 0.9 0.065625 0.171875
0 0.45703125 0.89453125 0.0734375 0.121875
1 0.2140625 0.94921875 0.134375 0.1015625
2 0.1328125 0.884375 0.0796875 0.23125