3 0.8011384032653772 0.08663441144172228 0.07415180653075462 0.15548747867599957
1 0.3680902902886859 0.09721409138286136 0.12782244355406328 0.17173064401654467
0 0.23607394237293694 0.2526453840308622 0.08457838584218218 0.0962579293443632
2 0.28818705779669906 0.4031908240372255 0.19828874409436822 0.40058289735836256
2 0.18902293773324955 0.8955863146880899 0.1382688702330856 0.15779541335136288
3 0.5005680729424595 0.8686152820257715 0.19058039309857638 0.2627694359484568
3 0.41659234390903377 0.6139748773869975 0.23781749164729754 0.23548515603118042
3 0.5680432273041452 0.5454532387412239 0.17686512268015625 0.3238022213558171
0 0.6654167351086936 0.5161299127545869 0.1288045901960187 0.1998556440165448
0 0.6969544557045989 0.6812736547580867 0.10238593393541642 0.15893974267981753
1 0.8626142051564447 0.8854628101129494 0.17066470798203354 0.19097154002227157
0 0.7915799641421193 0.7745247627704952 0.151805580577372 0.1876283640197265