0 0.5069919427418997 0.8601141654159129 0.08704881508027747 0.1759474303072195
0 0.30466873364662217 0.9350260637447398 0.12792809330833305 0.1299478725105203
0 0.6573439657861592 0.9061136900955024 0.09695149538185141 0.14669643992586642
0 0.8372418280862508 0.5158756144122718 0.060252577756943995 0.1189335384745874
0 0.8859410426481487 0.3443924840123852 0.06312329952888866 0.1517460384745874
1 0.5363628332700472 0.49753231986241664 0.25730110942536977 0.3236458642426358
3 0.32521284538106615 0.698606202624556 0.174997165881481 0.2553472428284239
3 0.16566820739833404 0.37252730834485326 0.14761587672018495 0.12042660580511529
3 0.245724728699167 0.19195192014041837 0.17792809330833306 0.1464087524470707
1 0.3889463398679632 0.10448418039203737 0.24710732026407367 0.18932542794496668
0 0.5734282955693536 0.9215501401033513 0.10620891819055522 0.15689971979329725
0 0.16925820541856657 0.9047420968194405 0.06943208812453676 0.13483135698624196