0 0.20443024304273671 0.4126099886000336 0.1639298488211364 0.08469134629715871
0 0.1303905651721274 0.47076097820847346 0.07534750988583175 0.05201025025210164
0 0.9002215400004374 0.14193368571070109 0.15949701680591416 0.09061356436617349
0 0.908886932776344 0.25428622023957637 0.16096135771838505 0.12655106436617347
0 0.9334810730807929 0.37721026801000335 0.10031301779449713 0.09114915990702759
0 0.7339439880998209 0.3989535000768746 0.17425985376405234 0.10878441015912906
0 0.7823377257425312 0.45399627915786817 0.15337435079830258 0.09330152179152655
0 0.6598406432330172 0.45866698968531433 0.10956068380210837 0.08867972376899794
0 0.5942249134989723 0.36743533832826164 0.1318813527754692 0.10114687278026224
0 0.47320546486811627 0.5270284956373992 0.19419035178688587 0.10082979852673155
0 0.6136858848300601 0.5016246680296739 0.09454317885919253 0.06425887797604232
0 0.6688707919404229 0.5429491545360206 0.19482702174882985 0.11645479852673155
0 0.7288214534994097 0.5629067394332129 0.19068334980971963 0.09123627723940828
0 0.891034952016535 0.5585748824923924 0.1412563527754692 0.10180243664223276
0 0.9021860162372602 0.648161906377606 0.13082818874502422 0.1135376121366006
0 0.8017695221687593 0.6271388482156187 0.19540002471457935 0.13051729852673172
0 0.7858288457810249 0.6742159440085743 0.09696784190105419 0.04728989926336595
0 0.8448881693932903 0.7160485289057666 0.08535917984777583 0.06829081411407181
0 0.5467437825488826 0.5958934740979741 0.10369268577927464 0.09761768119435103
0 0.6111763556668566 0.6396873967423504 0.13918451680591398 0.08919317599857095
0 0.43583811604697986 0.6028697297979573 0.137622016805914 0.08908391535490914
0 0.3707795073400117 0.7273887645789341 0.11861734882113648 0.08152278763096846
0 0.8143530241831067 0.22272449982477305 0.10436384783255334 0.07585194183801276
0 0.7482360038799707 0.7173539388127942 0.15072951186299796 0.06662976114786474