3 0.6208267246931493 0.5890328282999372 0.3159734803961106 0.28207841233587005
3 0.3236248447689355 0.17037950970346488 0.3881424233743515 0.19892366115474366
3 0.16835229293097267 0.24332095798203354 0.3027326036759256 0.16634428493120837
0 0.38814809161138947 0.32857644482000764 0.17138556738935176 0.10723712504240898
0 0.5259898442032875 0.329471800625123 0.26802541300675886 0.17915181977759867
1 0.5508442897734267 0.4126216065229055 0.4041187378889811 0.22128973447572134
1 0.09115409736083363 0.4341245180561673 0.18230819472166726 0.24949903611233465
0 0.7618058733262978 0.8227778896400153 0.11023345391148123 0.08485120435383635
3 0.10292278256338012 0.6090525961864686 0.20584556512676025 0.20873019237293705
3 0.3464918145611124 0.6703547170525261 0.19798631508027748 0.17982145317271012
0 0.2984290040989833 0.984372543916883 0.05456992280870363 0.03125491216623395
2 0.9140858750232415 0.37201897620783686 0.12452969123481453 0.14142858656782167