0 0.44574572367353416 0.2296875 0.07798391066226813 0.15625
0 0.5009129453020041 0.165625 0.04735838479802066 0.0703125
0 0.19108489970870143 0.875 0.08409751834240006 0.1515625
0 0.031063727367950822 0.66484375 0.027756590129154702 0.1484375
0 0.29980668184115505 0.90625 0.11901808762187223 0.1703125
0 0.4204063383467881 0.94296875 0.08751202335696498 0.1078125
0 0.43887387885901885 0.7453125 0.10173965940862684 0.1671875
0 0.49195942643087875 0.79765625 0.087086126022532 0.146875
0 0.49558086843417765 0.68046875 0.082688131037097 0.103125
0 0.4066798413162889 0.60546875 0.0942621285298145 0.125
0 0.5600428705457487 0.50625 0.09286476458147633 0.184375
0 0.5366090337152992 0.640625 0.06049488229073816 0.0921875
0 0.5773764377136498 0.69921875 0.10858069279472175 0.1875
0 0.5979222699252457 0.7609375 0.08496133636823089 0.18125
0 0.5946561805875138 0.9171875 0.09453491316955062 0.134375
0 0.68276994602692 0.93828125 0.10515416442319178 0.1234375
0 0.6603517252563798 0.8390625 0.12103522868809904 0.1859375
0 0.7061726906166437 0.8296875 0.04335284639736088 0.09375
0 0.7462725048815508 0.8921875 0.0648641335443795 0.08125
0 0.6272280220368167 0.58671875 0.09192673871722885 0.0984375
0 0.6706119606749035 0.6546875 0.08350648495630537 0.13125
0 0.6335114627864744 0.48046875 0.08189852084968266 0.1296875
0 0.7524145754811713 0.43203125 0.07827341567683313 0.1125
0 0.2686128546441241 0.80078125 0.07165970282385156 0.1
0 0.74666965848419 0.7984375 0.06208612602253218 0.146875