0 0.27070655205769933 0.7748696879796151 0.2789720976510021 0.10215163392812716
0 0.361941654327555 0.65497816903808 0.348887444048363 0.20059984160558172
0 0.50021088097059 0.537277580786693 0.1987223079967011 0.13084508045771698
0 0.18870507963780642 0.5394891988753783 0.18930184389007837 0.12862701659574646
3 0.3926675024407755 0.41954341359019837 0.3412568004748537 0.20630353838727303
1 0.3160104110579795 0.2871240335204691 0.35579066191590936 0.16989614482389043
1 0.45868834138279596 0.1057051526944351 0.2988874440483629 0.19710350100840618
2 0.8408984419700454 0.23389694660646435 0.31820311605990914 0.1393674106633322
2 0.9005408722616084 0.37411240118182587 0.1989182554767833 0.1693284262506724
0 0.060491499933492995 0.46469093069014794 0.09625052586424745 0.09249313861970414
1 0.8924478847647672 0.6604158879402741 0.21510423047046565 0.2421867720436282
0 0.9446378647397609 0.49069361380295895 0.11072427052047829 0.13999085149293897