2 0.234375 0.921875 0.1921875 0.15625
3 0.40859375 0.31796875 0.15625 0.225
1 0.55703125 0.9671875 0.1734375 0.065625
1 0.7703125 0.83359375 0.13125 0.33125
0 0.27890625 0.77578125 0.0875 0.1796875
3 0.34453125 0.1734375 0.134375 0.128125
2 0.15078125 0.7671875 0.1703125 0.209375
0 0.5578125 0.8484375 0.090625 0.16875
0 0.59765625 0.671875 0.0859375 0.1484375
0 0.01953125 0.390625 0.0390625 0.1375
0 0.82109375 0.96171875 0.0546875 0.0765625
3 0.78515625 0.42265625 0.128125 0.090625
0 0.22890625 0.09375 0.05625 0.1796875
0 0.24765625 0.6515625 0.084375 0.1625
3 0.3484375 0.85078125 0.05625 0.2984375
0 0.82578125 0.59921875 0.14375 0.278125
3 0.9890625 0.859375 0.021875 0.24375