0 0.5649585895994853 0.78203125 0.10758886181247736 0.1671875
0 0.5005444386120361 0.8375 0.06291910703211538 0.0796875
0 0.9028210186600226 0.178125 0.11353847316352947 0.1625
0 0.7952297617201923 0.1328125 0.15067752775932136 0.18125
0 0.6783939127076414 0.07734375 0.1058470866740496 0.115625
0 0.6359722825396832 0.26875 0.134952398209672 0.1796875
0 0.5883172301033597 0.2078125 0.11470045496493206 0.15625
0 0.5700456963270588 0.325 0.10272208667404978 0.115625
0 0.65075308065707 0.4140625 0.11818640036914019 0.1375
0 0.4836342342654129 0.48828125 0.12980382325581452 0.196875
0 0.5237109168696945 0.3578125 0.07672079117755644 0.1
0 0.4890367257844231 0.2921875 0.14406658235511322 0.2
0 0.4771189142488009 0.228125 0.12012843460686647 0.1921875
0 0.49918727405869345 0.07265625 0.12024954811738695 0.1453125
0 0.4151231546880769 0.053125 0.12712130937615385 0.10625
0 0.4230741594684389 0.140625 0.15832934145441174 0.203125
0 0.37473678901808827 0.1421875 0.06099566162790726 0.0984375
0 0.34220608883351805 0.0734375 0.07924501387966068 0.090625
0 0.42543290561092756 0.396875 0.11179669802510173 0.1109375
0 0.3894267520025848 0.32265625 0.10921191856773751 0.14375
0 0.40646046498708144 0.503125 0.10744915946843889 0.140625
0 0.2786253616555938 0.53203125 0.09843510487264702 0.121875
0 0.8153198210963462 0.2390625 0.09128393892580319 0.1078125
0 0.330295176587302 0.16796875 0.08950019586563344 0.153125