0 0.43895413369389036 0.8106170388612046 0.10763471715379591 0.18247014342931003
0 0.3643259891132423 0.8733988386766345 0.0633584539114814 0.08485466378737563
0 0.8446105795003707 0.160970798883354 0.10775229434509229 0.1482954025286086
0 0.9652772281335192 0.39810745835179284 0.02515440782296281 0.1632009068475453
0 0.7271298450517595 0.12987338833518094 0.13919778397749988 0.13477312307124434
0 0.604873427709676 0.07254414481358591 0.09738213939685174 0.06528264342930994
0 0.5507348574456022 0.25134097084717755 0.13529082544787005 0.1966723457733484
0 0.5038591489159725 0.18548663093392528 0.11605280989648108 0.1721334207272059
0 0.4761067128649542 0.3141227706626074 0.10570177879370349 0.12485790252860855
0 0.5581585037696766 0.4089427197674434 0.12181479434509228 0.14919656847545254
0 0.3708451400089824 0.49357163633259604 0.1292554389257404 0.21648419802510185
0 0.4234020864275932 0.35081243984865385 0.0793347684261109 0.10763082973421945
0 0.3902177310082412 0.2811217011074208 0.14657963996249954 0.21914812307124434
0 0.3813888266256485 0.2114204703857522 0.11947033581546265 0.2111959207272059
0 0.41166066993398154 0.07194696020671942 0.11105366013203692 0.09723355027685518
0 0.317138981856713 0.04782024290328617 0.11884703628657398 0.06199695712440043
0 0.328682783129028 0.12240923272425337 0.158259433741944 0.21057415946843888
0 0.2769835820922687 0.12066745758582575 0.0607214694628702 0.10799177513842757
0 0.24508832459939822 0.05420184839424206 0.07857335080120356 0.08116845928386877
0 0.31335385169615815 0.39639744524732456 0.11622917568342572 0.12087130937615384
0 0.2802768030157413 0.31650039173126693 0.1116975005656478 0.15787066162790725
0 0.2859821244575935 0.5117022702011822 0.10829909849212935 0.15454540252860874
0 0.14550409594671398 0.5459096846068665 0.10013528397749978 0.13226988433001133
0 0.7479413395851392 0.21526947022886872 0.09435417568342572 0.11946949568106335
0 0.22659331135708358 0.14886350632152148 0.08779110885972194 0.16876858883351806