1 0.43274960995339934 0.22530367790779032 0.21349935062934425 0.2890810405319101
0 0.3066984406620118 0.08929589923887829 0.10066561867597637 0.15675401878308032
0 0.6531571983356816 0.21234205737500517 0.09976689212119325 0.20656301779449712
0 0.5310705560139959 0.12743386368706505 0.15035888797200822 0.21641286167271767
3 0.15064750497437746 0.2044049515966055 0.10315384648015943 0.29237318380210836
1 0.22597570123546667 0.3892839703796859 0.2354228174358653 0.35228137749004845
1 0.12302368691381227 0.641346536083286 0.1783906448204855 0.29855419961943924
0 0.22378162612593155 0.6250768903416297 0.11314230788809568 0.1775121877564411
0 0.7706529356644124 0.8542470089716107 0.12798513527271602 0.1267136917107738
2 0.6895437230070763 0.9043770711779885 0.18063838382282338 0.19124585764402297
1 0.6487573927226711 0.6737398138007957 0.19406411162700649 0.36149986859280003