1 0.265625 0.90390625 0.15625 0.18984375
1 0.80390625 0.63671875 0.18046875 0.16484375
3 0.221875 0.5578125 0.12578125 0.34921875
0 0.85625 0.1546875 0.08828125 0.16484375
3 0.3546875 0.65234375 0.15078125 0.33671875
3 0.3328125 0.35859375 0.0875 0.26171875
0 0.50625 0.27578125 0.09609375 0.15625
0 0.6328125 0.8015625 0.08359375 0.09609375
0 0.659375 0.06875 0.05390625 0.071875
2 0.61015625 0.36953125 0.09296875 0.315625
0 0.928125 0.79375 0.0640625 0.153125
3 0.96015625 0.96953125 0.0421875 0.0609375
0 0.4140625 0.3375 0.07578125 0.1265625
2 0.73671875 0.315625 0.16484375 0.2421875
2 0.45234375 0.1203125 0.11875 0.17265625
2 0.3125 0.028125 0.13671875 0.05625
3 0.1796875 0.853125 0.1203125 0.18515625
3 0.40625 0.8734375 0.08671875 0.10390625
2 0.46875 0.45859375 0.171875 0.24609375
3 0.10234375 0.8375 0.04296875 0.246875