0 0.8804620687065305 0.3762891702278762 0.10722354547482596 0.22135833148532652
0 0.9415149042189752 0.7843515701855239 0.10952087452429886 0.20122784200867017
0 0.9583588474126238 0.9108153596480628 0.06526685574121842 0.1097992052052021
1 0.5458694817855733 0.7340289916133821 0.178069239162766 0.3533055524755442
0 0.4204755509492145 0.659697578572142 0.08197419467652334 0.13727175782192055
1 0.1993566487445867 0.32103137876978594 0.19548754942915872 0.24520462613895005
0 0.11029019566510645 0.1435973525320139 0.07403436068413449 0.13369173151356137
0 0.43666435326976066 0.11973970748310218 0.07559686068413445 0.1337827367752332
0 0.5004231057412186 0.13514417058081207 0.06478669467652338 0.13627069994353028
0 0.6064648587069682 0.1553495257436619 0.08143036661563344 0.16218075256024872
0 0.6458828443725121 0.08983791780880182 0.07757585475263547 0.1058397472985769
3 0.6823495153602203 0.5066004835796999 0.20027320851668762 0.20963114718563744