1 0.79140625 0.44609375 0.11171875 0.30859375
0 0.94921875 0.7875 0.05390625 0.13515625
3 0.12265625 0.3046875 0.06171875 0.15
3 0.75 0.11796875 0.1 0.221875
0 0.83515625 0.06875 0.06328125 0.13359375
2 0.14453125 0.7296875 0.1734375 0.3328125
0 0.59375 0.15390625 0.10078125 0.18125
0 0.6671875 0.1046875 0.0859375 0.18203125
0 0.9078125 0.9578125 0.05703125 0.084375
3 0.5390625 0.91953125 0.1 0.1609375
3 0.63828125 0.94375 0.13828125 0.1125
1 0.42734375 0.32578125 0.24375 0.3515625
1 0.2640625 0.309375 0.19609375 0.2875