1 0.8396433006601842 0.46708905194257405 0.22028912497675854 0.3423898717519416
1 0.7854179645618979 0.18610210470251762 0.21591469180046233 0.2923898717519415
3 0.5041187378889811 0.21629457061355573 0.19763216644712892 0.40439894805083537
3 0.2561356079647673 0.6183756732940691 0.17239984618305515 0.22298530681713338
3 0.2846618576819434 0.5432080779204517 0.16771234618305506 0.22290348620028233
0 0.478076124364628 0.8726479362797125 0.08492038708777763 0.13253185633066594
0 0.39169841842689634 0.9374450474816426 0.06968636635259236 0.10106366801906326
3 0.2240625676256928 0.8580733729697574 0.14271234618305514 0.22246710957707672
0 0.21417228336536911 0.6558659906645092 0.08144407257314797 0.11062958279171564
2 0.23194235857689796 0.09219500283937379 0.13575971715379592 0.17866256249917617
1 0.3562588533931017 0.08656438595540099 0.1843927067862034 0.16391031574558707
0 0.43091639227157386 0.1463718084386911 0.1624192534403699 0.23373189204448094
3 0.42514555442986096 0.08932692166921595 0.15341610885972196 0.16648984496658026