0 0.36548334280246464 0.7244688969932108 0.08982883225631957 0.1716912935321364
0 0.4129200808346173 0.7984519516066235 0.053344511967847244 0.07926477611928177
0 0.2048862153307291 0.05437656151081778 0.09335256933854179 0.10875312302163556
0 0.3197663329219097 0.050234616124230594 0.12609233415618065 0.10046923224846119
0 0.4485095819719792 0.019864363410697132 0.09048083605604162 0.039728726821394264
0 0.43962162519062475 0.18764060436558558 0.11352090539458355 0.18385710085908263
0 0.5024314029260415 0.13753106173796042 0.09738675911805572 0.1611632293077851
0 0.48705836322277757 0.2616236589789984 0.09168096656499998 0.11716756784239583
0 0.38402297577996497 0.33022757406243225 0.10309124525034737 0.13805327792830405
0 0.5256084508943399 0.44921551221293027 0.1061811840799308 0.2037601650834338
0 0.5234491516917705 0.3073146172558844 0.06791615824437507 0.10187676051544958
0 0.57472201738309 0.2500067282917323 0.12184255167111128 0.20614153663473136
0 0.6042289858479511 0.18915775949939678 0.0966607137152085 0.19701884215265536
0 0.6257435759880555 0.050085251300995906 0.10131053970326391 0.10017050260199181
0 0.7187668773748264 0.04115178595736285 0.11173889342673622 0.0823035719147257
0 0.6808837112466666 0.1141334260531687 0.13437891926229178 0.2083591338757694
0 0.7273586677436803 0.12886431139927612 0.04920252583555573 0.10245661465389255
0 0.7787224524129513 0.06765017243512406 0.06922408510611114 0.09102114767057934
0 0.6077501100886454 0.373123323723748 0.10091049620027785 0.11140889077317437
0 0.6631292475314581 0.3070169668717716 0.09393445079743082 0.1469369549975256
0 0.5965560773192357 0.48529245307696167 0.09229921561506949 0.14373006784239592
0 0.7121252195117009 0.5486821664422303 0.08557643692972228 0.1230900192218769
0 0.27443434270555545 0.11046502996446905 0.07903549620027786 0.11026247060135783
0 0.7639494779641666 0.16596151967616207 0.07235039152687506 0.1582905348257091