2 0.29317314732681177 0.033390995226115196 0.24481124203690507 0.06678199045223039
0 0.08533680247554415 0.15832014024709334 0.15665879465362356 0.09898471950581333
0 0.22143246814762022 0.27198970870864386 0.19626732622365461 0.11131969875988892
0 0.1325692623071336 0.8884336927366043 0.0935217578219206 0.08331125269929238
2 0.10364833077945482 0.8364810290442943 0.06389444198043534 0.135512370125869
0 0.9003093550922626 0.11225917259215785 0.16950740514873247 0.1326260136969545
3 0.9096997656438411 0.3465866284010167 0.18060046871231777 0.23222419461070407
0 0.9215693405520777 0.46760952342199485 0.15686131889584445 0.0835965178461393
1 0.7763067678511542 0.543038343757645 0.41222552616718494 0.1867969859020601
0 0.9017302440324564 0.6755646559954183 0.15113683674699843 0.11101112282516112
2 0.5177416518826119 0.7517434506107668 0.27100826294241814 0.24609836307689897
2 0.3900639729151819 0.7826051321492162 0.11258954721387227 0.17031434523075967
1 0.19389681527678793 0.5267489863030456 0.1770006577089811 0.20786281203728052