3 0.5802346647523962 0.7405001966290368 0.24254651583511766 0.17481923458010193
2 0.48534909593514247 0.4066206211988758 0.32173391066226814 0.15809534289316235
0 0.22913253668480013 0.30184325936977385 0.12235838479802066 0.07101245764913049
0 0.32048129922121243 0.19191829264545704 0.1711141335443795 0.08223175878059874
0 0.5853394210871093 0.21772577196100165 0.17138691818411544 0.0916067587805987
0 0.7773440308123053 0.5057201547691466 0.15893238229073817 0.09309653590796181
0 0.7806448755603136 0.4580366336919077 0.19106292069139794 0.06984993344863373
2 0.7860788701500372 0.34939288671696983 0.20504651583511765 0.1746010659621911
0 0.8669892040109858 0.5520815494811482 0.15920516693047437 0.1024715359079618
0 0.9783619953811465 0.42090375147293796 0.043276009237706956 0.06906816256778665
2 0.9584275801000249 0.5608702213205128 0.08314483979995017 0.1896261022629364
3 0.8772277412245113 0.19959689891541407 0.2455445175509773 0.10457945745273882