3 0.061951906893574424 0.16787289727484328 0.11950400126594436 0.254368248792052
1 0.14033236723786072 0.20387391227775278 0.19734131378714886 0.34174044515850965
2 0.4442708443723699 0.11806292653175623 0.16666668874473983 0.17719971303635712
1 0.6946330091553107 0.5950072901769365 0.18794646641955398 0.295790216370337
1 0.8421007753973795 0.6685877956369484 0.19657742195451675 0.3198654451585098
0 0.8620586444493388 0.8988587220598697 0.13996034500534194 0.2022825558802605
1 0.5509921696770822 0.8297107540225429 0.2722321863824872 0.34057849195491424
2 0.4241915343830541 0.5246319198637964 0.16527783665263965 0.44974439273291544
3 0.29436015752654665 0.3091508278894854 0.23792661905195925 0.2546867263722767
0 0.656309608337004 0.6799085775996214 0.10992561542376222 0.15854556576151388
3 0.5245611005324557 0.6995359382006858 0.17956848202865067 0.23434253333979882