0 0.22208671153585238 0.4051671001835266 0.15992057526193681 0.23962248407381015
0 0.2210258641534129 0.7040974238469324 0.10692697921687966 0.1493923262236546
0 0.145841285789383 0.3468533422204317 0.1287362772394082 0.1942343893637169
0 0.293872774312542 0.8708607186417303 0.1055830005042031 0.15242632096198286
1 0.5102133223350707 0.902188500423523 0.16317697921687965 0.15266851564384112
0 0.6265053218308675 0.7479420742281032 0.12876912822814396 0.17245039462538864
0 0.5492512370105498 0.07587444233337118 0.13912747402109957 0.15174888466674236
0 0.42733267834435945 0.034020142276901436 0.13279035668871889 0.06804028455380287
0 0.7381116412175942 0.04073047927095487 0.11102461733238052 0.08146095854190974
0 0.9225084205506893 0.04510841666029645 0.09946440445914603 0.06492632096198278
0 0.8718360672161651 0.1618023639729908 0.12149222376899793 0.11289338410204501
0 0.8275072769873066 0.06779772535999457 0.13417789406758587 0.13559545071998913
0 0.7611277961809432 0.23884925333670762 0.21512152749150992 0.272404162970653
3 0.6450493281119284 0.25031664533126036 0.179741038387273 0.34503802616718493