1 0.3902376112156071 0.5552859541584736 0.42651205634924094 0.2986816792633643
2 0.6632718404925415 0.8719336155756986 0.2816850346004111 0.1849007539486923
3 0.9073600801124183 0.841362734876375 0.1670150395433268 0.1995767153566284
0 0.47284050007436207 0.8240135659859729 0.18070085475263548 0.11494160622842173
0 0.5307883098464631 0.7170307827924937 0.1759496877564409 0.11302390871793264
0 0.2641910588578799 0.6921562242796981 0.15914418973360744 0.12109651784613931
2 0.2250755958553869 0.07624688174823092 0.2876511917107738 0.14018024979950733
0 0.5510186719391102 0.06667650789738444 0.12078734387822046 0.05899833693238983
0 0.7767017628515813 0.11960428881577838 0.16804434585538672 0.07192531203728056
0 0.12185243676785788 0.10425163734730832 0.10031301779449713 0.09171574855010749
1 0.065059903193211 0.3351571726153798 0.10215404349765969 0.21335395020978137
1 0.12190144669087069 0.5450775468904336 0.20980471741393628 0.2557800937808672