0 0.8170666394395829 0.5415206569384272 0.1154107137152085 0.20124324879205205
1 0.6686376311745484 0.14191740006519227 0.22918488582729193 0.28383480013038453
1 0.5460359325613193 0.15251986680998234 0.23605313487736143 0.30503973361996467
1 0.5019520921368745 0.4783499457382379 0.25306010334222256 0.41989713819098745
3 0.41498138184013855 0.3622463268022237 0.1278029173624308 0.26463606909549375
3 0.12937314979190948 0.2709347690857954 0.19575283035645855 0.2358730824314133
0 0.07191714038951336 0.6288587104512833 0.12431293502986125 0.18169602333785928
3 0.19720416185666595 0.8073349125676168 0.174168771085903 0.2465874418245299
0 0.45894044244187426 0.8187197252850149 0.1307447729857641 0.19001870636839727
0 0.553580142005034 0.8398456840693083 0.1662108007211806 0.23969971303635731
2 0.4246544017886798 0.918209413316523 0.17398432028847227 0.10465503333979882
3 0.36157382675055477 0.881251289379539 0.10963218597979178 0.15398561151914833
2 0.355217336818541 0.7523290639253462 0.2586905478713891 0.32678486697916026
0 0.709652876521805 0.6001937684575755 0.11566398043270851 0.1451207945496865