0 0.33268902659805494 0.715179750289864 0.1150834053945835 0.18718074879205204
0 0.36818880908312435 0.7980561521066353 0.06446384992375007 0.08947683030538123
0 0.2819033102204861 0.029815432571496187 0.11431837955902786 0.05963086514299237
0 0.39810953846899305 0.034263945448373787 0.1444059230620139 0.06852789089674757
0 0.5328663981763888 0.011480407566647022 0.09989220364722229 0.022960815133294045
0 0.4943818603729859 0.16706163043576594 0.142009581306389 0.20497402667183912
0 0.5655671825613193 0.12382207134221186 0.12267769984750014 0.1784434775802247
0 0.5306628928580552 0.24987425937371985 0.10919577488562524 0.13523561151914842
0 0.41547299753145805 0.30762259968104094 0.1253299211621528 0.15838606909549374
0 0.5392527235957635 0.4503526204338263 0.1377584924005557 0.22334138939893547
0 0.5590775271667358 0.30213838997866366 0.08219686379145834 0.11431733363936125
0 0.6203248049021525 0.2503528783097341 0.15349259517409736 0.22930434697528082
0 0.6607147219802428 0.19013298436887066 0.1282380220358334 0.2163261148531283
0 0.7048128269379861 0.05397111885142528 0.11867987765916688 0.10794223770285057
0 0.7998162024129513 0.05177101900120649 0.12445709897381949 0.10354203800241298
0 0.7503961242406942 0.12277039906251944 0.16762783035645867 0.23357725879399166
0 0.7935642427818054 0.14419911784875244 0.06653549620027785 0.11147937606301594
0 0.8557018732907636 0.08766233330100556 0.08350479065319476 0.10350737939699584
0 0.6344028758562149 0.38254362497575417 0.11846167211208343 0.13131338606495557
0 0.700555859138715 0.321000476033921 0.11610039152687505 0.1638707945496865
0 0.605240093086805 0.49643065285554133 0.11450152393569457 0.16218074879205205
0 0.7109432727983328 0.5782549955787584 0.10621624525034737 0.14123052000387942
0 0.3392423783247569 0.06510000195685403 0.09647756933854179 0.12484024545807212
0 0.8245226488419789 0.1876781798172445 0.09600609707395842 0.17158769970043758