1 0.259375 0.2140625 0.12734375 0.2203125
1 0.61171875 0.9203125 0.14453125 0.15859375
0 0.54140625 0.6546875 0.07265625 0.14921875
0 0.5921875 0.6171875 0.075 0.08203125
0 0.44765625 0.54375 0.09609375 0.16640625
2 0.59453125 0.4640625 0.1515625 0.2421875
2 0.36328125 0.06953125 0.14453125 0.1390625
3 0.0609375 0.11953125 0.05859375 0.16484375
2 0.2734375 0.865625 0.16171875 0.22109375
0 0.8640625 0.8875 0.04765625 0.109375
0 0.89375 0.62265625 0.0828125 0.1578125
3 0.8765625 0.41796875 0.09296875 0.11640625
0 0.77578125 0.05859375 0.06640625 0.1171875
0 0.61015625 0.3078125 0.06484375 0.153125