0 0.7816444381632122 0.4579281561107222 0.1782685551888033 0.08637494668999893
0 0.8439183726014466 0.5235537034531763 0.08203217261537965 0.052471566677272284
0 0.120641618876469 0.13120564135104465 0.17261055103961845 0.09411472135581715
0 0.08607199833800386 0.24726644601368117 0.17214399667600772 0.13010676535645346
0 0.041924161717963995 0.3741011186744087 0.08384832343592799 0.09494996801399935
0 0.22937246575761377 0.40927719203531654 0.19121884108157472 0.11306471602481705
0 0.16675314397207094 0.4617203920273624 0.16647895020978148 0.0956044960216353
0 0.2932089001958483 0.4749209207113161 0.12249215186945542 0.09197041868236297
0 0.3844510520653036 0.38527771272277017 0.14519594606059655 0.10316245735199914
0 0.471427143347371 0.5583163180696786 0.21082094606059662 0.1039260733609078
0 0.33022272550587606 0.5230498853834977 0.10641686597668398 0.06524428668045382
0 0.2631410466667189 0.5621482007081344 0.2136858369323898 0.12113175469445317
0 0.1947103553800072 0.5777726533656804 0.20698555103961844 0.0945147106938169
0 0.0525759352634271 0.5617738413430905 0.1051518705268542 0.10479768268618095
0 0.03201405891378091 0.6561050966740906 0.06402811782756182 0.11533519334818117
0 0.10570630165270738 0.6392635893539081 0.21141260330541475 0.1352124360279987
0 0.10722016554318795 0.6901357460216354 0.10667697510489074 0.04807496801399935
0 0.04132310901634943 0.7283982673456358 0.08264621803269886 0.06978633601209036
0 0.3779955294452795 0.625257822724361 0.11695254689043359 0.10127269334818116
0 0.2990767014359593 0.6657822780474069 0.15229805103961844 0.09387836401972649
0 0.4911108360839753 0.6390850600731784 0.1504987526992924 0.09073518268618094
0 0.5287031566201182 0.7724520907463146 0.12983105518880328 0.08581132535009015
0 0.19045536617717665 0.22115902669477144 0.11529495850815122 0.07939769334818117
0 0.13653989002337874 0.7366113040260898 0.16446616431701006 0.0690419960216353