2 0.38621182919349184 0.8499373875627677 0.3019778387085138 0.26747351092002347
3 0.35368181141081156 0.7239806654425548 0.17773981803034938 0.2402098960668951
0 0.17531048490340684 0.2954565369636429 0.10098891935425688 0.12965529121570665
3 0.10954639784752293 0.398852346057197 0.2030823821317572 0.48354530788560607
3 0.25091829879992694 0.13400911180901248 0.15848039578060832 0.22774184697528085
1 0.3961516778313123 0.30566135801599065 0.2675386803125116 0.39696982122152563
0 0.45830061331561966 0.2088344133165229 0.12043243217453851 0.1794957945496866
0 0.5114213052100677 0.1370552660416796 0.12072353060296201 0.18574579454968654
0 0.6113227977664696 0.03576305938341817 0.10389559553293921 0.07152611876683634
0 0.7601434414801633 0.05483218165341228 0.11091188296032665 0.10966436330682457
3 0.38844199338046226 0.49371933847115324 0.21767561331561963 0.26214854000775867
3 0.5934141296505578 0.3820969569481255 0.13885710049533806 0.20746129788366643
0 0.6706402173256143 0.5247948978545715 0.14303517824559703 0.19690643515657005
1 0.8002399801458958 0.5628374186073568 0.26757722166884046 0.43121727546389116
0 0.9486291876536658 0.596814321632076 0.10274162469266841 0.16128792848861018
3 0.8052336569437507 0.8047538516378949 0.1717380669968919 0.14476985030926065
1 0.6961711801031146 0.8709046233087643 0.12925946856846854 0.13507611485312837