3 0.21484375 0.35703125 0.09375 0.2703125
3 0.2890625 0.52265625 0.15078125 0.12734375
3 0.259375 0.93359375 0.096875 0.1328125
0 0.34296875 0.3 0.08203125 0.20234375
0 0.84609375 0.46484375 0.065625 0.11796875
0 0.79765625 0.425 0.053125 0.08359375
0 0.53046875 0.58046875 0.0734375 0.09140625
3 0.403125 0.06484375 0.159375 0.1296875
3 0.078125 0.31328125 0.10390625 0.22578125
0 0.39609375 0.48515625 0.07265625 0.1515625
3 0.73515625 0.40703125 0.1296875 0.2578125
3 0.825 0.91640625 0.0875 0.1671875