0 0.20950390853803694 0.43589282686435676 0.1769841406515056 0.10761907095872499
0 0.149208760081983 0.5090054338505985 0.08483135698624164 0.060704376223535306
0 0.8435118978230818 0.03811254737544404 0.15360120435383645 0.07622509475088808
0 0.8723958112552601 0.133397699290059 0.14531747840045348 0.13928573320977705
0 0.9260614698781151 0.2501288423038174 0.07514882213985138 0.0962599303072194
0 0.7492335858500314 0.3085837269648732 0.19197422359113023 0.13467264427970269
0 0.8117410203336022 0.35087786516930813 0.16788195916316004 0.11510418874473985
0 0.6881026236916467 0.38328611580228034 0.12380457694917482 0.10420140507947587
0 0.5971353725105203 0.30687243794213165 0.1477877139724832 0.12064486061443871
0 0.5142707648913064 0.49001480935634356 0.21212303248413758 0.13069447241000381
0 0.6519815852170592 0.43448651725355913 0.10574405771188111 0.0786012043538364
0 0.7196403111704421 0.46333571435100146 0.21573910580511538 0.14486609981466553
0 0.7857464608076224 0.4696105070019401 0.20392858656782167 0.11948415389834963
0 0.9282167030030741 0.43420374194099765 0.11475695916316013 0.11324902286549073
0 0.9462003219702154 0.5225296319595311 0.07278771397248321 0.11802580290255768
0 0.875406672333035 0.516418530415585 0.216230179126093 0.15892859981466553
0 0.8720708520072822 0.5672543441179159 0.10508929328391084 0.05985120435383653
0 0.9366591416629959 0.59465016862002 0.08543155771188111 0.0778918762235353
0 0.607646253458561 0.5421551735141614 0.12100695916315977 0.11346727767481432
0 0.683898729411944 0.570704270248784 0.1536557680561673 0.10992561542376222
0 0.49580845237010196 0.5718104463796522 0.15209326805616746 0.10987105172143127
0 0.46137391026731744 0.7087846567239384 0.13139882213985138 0.09822422359113023
0 0.786304543832065 0.11845723476942152 0.11873513103285874 0.09310021397248333
0 0.8437895953838602 0.6174006770575404 0.1622668762235353 0.08837799763774719