2 0.47421875 0.6609375 0.13671875 0.35390625
2 0.65625 0.28515625 0.1046875 0.2203125
0 0.9 0.10703125 0.0828125 0.1765625
3 0.621875 0.046875 0.13671875 0.09296875
0 0.3765625 0.2421875 0.0875 0.26015625
0 0.50078125 0.14296875 0.09375 0.15703125
3 0.27265625 0.20625 0.08515625 0.2609375
3 0.18671875 0.284375 0.08671875 0.3234375
1 0.19296875 0.55703125 0.165625 0.15703125
0 0.39140625 0.87578125 0.10703125 0.17421875
3 0.6359375 0.67890625 0.1578125 0.3671875
3 0.5484375 0.92578125 0.1375 0.1484375
3 0.88046875 0.8796875 0.0515625 0.240625