1 0.75078125 0.91171875 0.20234375 0.1765625
0 0.8578125 0.5671875 0.1453125 0.2796875
0 0.94765625 0.478125 0.05 0.13046875
3 0.75234375 0.3390625 0.08203125 0.3984375
1 0.54609375 0.1203125 0.2203125 0.19453125
1 0.63515625 0.38125 0.21640625 0.30078125
0 0.49296875 0.503125 0.125 0.26484375
2 0.34296875 0.18125 0.1171875 0.3625
3 0.1109375 0.1484375 0.1109375 0.296875
0 0.23515625 0.52109375 0.04765625 0.1015625
1 0.09453125 0.653125 0.12734375 0.28125
0 0.3703125 0.66484375 0.1671875 0.33046875
0 0.25859375 0.72265625 0.08203125 0.12109375
1 0.26015625 0.70546875 0.13125 0.21953125
0 0.19375 0.75859375 0.04921875 0.08671875
1 0.4546875 0.87890625 0.2 0.2421875
1 0.61953125 0.80703125 0.14609375 0.21015625