0 0.47749313962701406 0.17476115529232517 0.10727090539458342 0.18533620248167448
0 0.5495304873665626 0.10946965504022362 0.0613024823325695 0.08696440445914595
0 0.09154986682868126 0.8402865103915602 0.10995949430041681 0.16680472376899794
0 0.20717552003906325 0.8658496030824226 0.14255378875333344 0.15972419728589457
0 0.3296512385039244 0.9167569031986382 0.10029224715020843 0.08657092055068923
0 0.38012009792697976 0.7316827806704775 0.13568684612402793 0.1998028940675857
0 0.42772310296097293 0.7933033416824563 0.11486519984750014 0.1765075056999832
0 0.4521392618709381 0.665610030418376 0.10443553970326395 0.13053944183801286
0 0.3694520888089241 0.5759244535669553 0.12060605357097245 0.1550695482746301
0 0.551990525454306 0.48412544761487053 0.12990962480937523 0.2196783514929388
0 0.5036647410693755 0.6267935488557079 0.07903549620027786 0.11160377153942491
0 0.5373325326725006 0.6948662056606423 0.14720622758291668 0.22556771857321783
0 0.5475082728888548 0.7622340221205027 0.12038915444465292 0.21277278763096846
0 0.5188410250730563 0.9090051153155683 0.11511846656499998 0.12036676634364482
0 0.6115376713495841 0.9244337373395257 0.12035017401194459 0.07705380891829208
0 0.5996721445640979 0.8517064315233271 0.1597062275829167 0.22644180372251163
0 0.6527789607685077 0.8472103196388282 0.06028549620027786 0.11029264381548423
0 0.6848115171892716 0.9122672370874243 0.0800524823325695 0.08827553218308673
0 0.6104953161075005 0.5770670644430481 0.11526393692972228 0.12661676634364483
0 0.6451807470532993 0.6552413409261517 0.11141289152687506 0.16222648441265974
0 0.6352205995425004 0.4626550031789677 0.10817878875333342 0.15732046312533615
0 0.7727744977188893 0.42173543621490417 0.10149237765916688 0.1381334205506894
0 0.18629801595500065 0.7757544808063634 0.0917900693385418 0.12341535668871906
0 0.7021607117184383 0.8171514790416528 0.08819359707395832 0.16996257475773363