0 0.8089048104672859 0.4961921980574259 0.17981595941492107 0.09998418344033873
0 0.8741946197200512 0.565386482960462 0.08382162094116268 0.059257997564368024
0 0.1337046185055306 0.13833402272817144 0.1720852800317721 0.10453531574558705
0 0.37749375446422684 0.006016400569192872 0.16436250892845372 0.012032801138385745
0 0.1076251339268061 0.25601244642927756 0.15862279788867956 0.13866485389503397
0 0.05744963027335812 0.38114485998411396 0.08921823295387141 0.09996481818121898
0 0.24964681290291796 0.4231163514626973 0.19121710957707683 0.1267375982129911
0 0.18723831614932887 0.47422092979018604 0.1690148271096728 0.10760576866768652
0 0.31573150892515844 0.4930782495962582 0.12200345941492108 0.09897506249917623
0 0.40563771428288975 0.4055452475676633 0.14571369480442442 0.11500916558343129
0 0.4978639448011292 0.585240655847494 0.21298301542127546 0.12086942775829587
0 0.35489914894104446 0.5431912978919748 0.10594208279171564 0.0737023271096728
0 0.2867764403369023 0.5803288336057898 0.2163807508107789 0.13654897483619663
0 0.21902587864850503 0.5940152325501297 0.20654210064862308 0.10982283360249454
0 0.06780825202529961 0.5716471290588374 0.11756142126547413 0.11295574188232518
0 0.04989977759284483 0.6649567982957166 0.07863528896022584 0.12008640340856669
0 0.12783386282019243 0.6526556213481997 0.21818871266133194 0.15063874837514693
0 0.1334077528360785 0.7033550507313486 0.10564207386326192 0.056514827109672795
0 0.06136515746246115 0.7397795202925395 0.093469356330666 0.07504663879807012
0 0.4044099995896676 0.6486094549539895 0.11909664772652384 0.11142051542127547
0 0.3261583145244758 0.6874867686709816 0.15333528003177213 0.10420803327818291
0 0.5204031923654971 0.6676849630716644 0.15018300649282174 0.10259098620028233
0 0.5610845137931271 0.8045167613673809 0.13129663879807013 0.09445120373287814
0 0.20488591761202618 0.23165160024488132 0.1171250446422687 0.08795574188232518
0 0.1631731193130142 0.7520692402607674 0.16386367694751702 0.08096144805083547