0 0.1930417426016024 0.5374992720436281 0.16961382096198277 0.10678486758448216
0 0.14222196622265598 0.4672688995154674 0.07983868942018657 0.06160377153942491
0 0.7659592429545383 0.9464886369041695 0.1669438472703421 0.10702272619166102
0 0.8196218402248803 0.8503741465886012 0.19082096302712265 0.15028349530842283
0 0.8799439611727458 0.7439873887949311 0.12457433674699843 0.10830380891829172
0 0.6925951505929323 0.6744075902681994 0.18513240514873247 0.13276821337743777
0 0.7552085426580721 0.6364266250491761 0.16225634727034208 0.11405106436617345
0 0.6410396268448217 0.6033413374182077 0.11952281570031094 0.10172602698730664
0 0.5492623795462448 0.6706602413731506 0.14221686305535747 0.11731817599857094
0 0.4864802004376404 0.49604837144287994 0.20039338410204496 0.12761081981405517
0 0.6117840373258131 0.5534452442231423 0.10253273677523325 0.07719592055068922
0 0.6775756372975783 0.5282374306132734 0.20599093671876362 0.14356360174504026
0 0.7413574162367734 0.5240687366815736 0.19525085779368573 0.11947053788306991
0 0.8926623110033365 0.5660262797604236 0.15012036831702957 0.11942697921687966
0 0.9200963372411085 0.4855793090935189 0.11794490514873246 0.1280700056999832
0 0.830806324086929 0.4832577024048 0.20828147881213824 0.15617286238870207
0 0.8320194845679204 0.4354921917611382 0.09996917889684279 0.05989915990702741
0 0.9008450792780135 0.4120653994385927 0.09168624203690498 0.0779935960450572
0 0.5785458740728114 0.4507137281315988 0.11529034200867017 0.10921074505632138
0 0.6537579766754125 0.4253802283837004 0.1463583314853265 0.10827095792955621
0 0.47609570825956105 0.41844789532809346 0.1447048262236546 0.1065991972858944
0 0.4546063870858167 0.28908282342035135 0.12715330517696727 0.09914733020561535
0 0.7110812981315056 0.8553351621759415 0.11263577886860805 0.09035148441265975
0 0.8104853897872399 0.38770490178438133 0.1561127630835923 0.08872328243518837