3 0.1016452122453265 0.9276494874180983 0.12724427693097132 0.11939665665497756
0 0.8405082452264221 0.840536234572134 0.14583974082661788 0.09316143912238166
0 0.9682246999486864 0.7786965279965867 0.0551329275949012 0.07751707386326193
0 0.1890326245185255 0.679930782060367 0.14762040944452864 0.13068871266133186
1 0.04460799717132963 0.32813468262955986 0.08921599434265925 0.17189436525911975
1 0.08961194584346975 0.15078697848964456 0.1792238916869395 0.1421989569792891
0 0.4797410003927835 0.2677752499967047 0.1600022347764936 0.11059440097293471
2 0.3152694342342007 0.33522402840691906 0.3291976623713948 0.19010244317957134
0 0.2756428110904173 0.5658058267026357 0.11133747579950323 0.07068642126547413
0 0.7290602652235064 0.12054924268980875 0.1301511083130606 0.08195120373287822
0 0.7452205546475096 0.2974117516182625 0.15518746974937905 0.08863758035608367