2 0.2750271759836583 0.3299196852634271 0.377512952080256 0.6057353174358653
2 0.470584057737216 0.15171309750584466 0.20679311547443202 0.3034261950116893
1 0.5365639154603146 0.3069628242611206 0.21683597340929203 0.3042175937808671
1 0.8954244340173403 0.14138138598605116 0.19441494183926117 0.2827627719721023
1 0.8212020388978416 0.5459139674079989 0.31939807323988284 0.4893281448204855
3 0.7483428496188292 0.3458440350443569 0.10618689974588627 0.27405465186945543
1 0.3723774020237863 0.6136658780000314 0.24071308916607279 0.3402501821631493
1 0.1584723386719626 0.8346808080885884 0.18102029977412104 0.25016871120744355
1 0.26679307288694704 0.8217645657622581 0.22088643657758916 0.2936352912913563
3 0.41366036761115776 0.8239754933520154 0.2198699681476203 0.30289189212119316
3 0.5759552412604462 0.8485583284103054 0.12707625241907436 0.23208063942190088
1 0.5943958861681835 0.6666804437622895 0.15294007338105722 0.3289323286340199
0 0.7948347729010644 0.7668426966620746 0.07688028939195171 0.09138386182749905
1 0.46255216489561723 0.9089415665874508 0.13182539462538861 0.12665943361304172