0 0.79453125 0.6466179201153132 0.1796875 0.10730727298576408
0 0.87890625 0.6048317700390632 0.084375 0.06290134992375015
0 0.0609375 0.7482933360560418 0.121875 0.11221167211208342
0 0.06484375 0.6272905050339931 0.1296875 0.14520601006798622
0 0.04296875 0.49084385875746533 0.0859375 0.10356271751493065
0 0.2390625 0.5196267414506253 0.19375 0.13419708130638916
0 0.19609375 0.4498766326931599 0.16875 0.11486519984750014
0 0.32421875 0.47629627516996553 0.1234375 0.10443553970326391
0 0.38125 0.5909049422480559 0.146875 0.12060605357097245
0 0.528125 0.4536984958190282 0.2125 0.12838349240055572
0 0.37734375 0.4439390232701045 0.10625 0.07903549620027786
0 0.32578125 0.3857076427611461 0.215625 0.14408122758291686
0 0.26484375 0.3483518067051044 0.2078125 0.11889938962701407
0 0.0984375 0.3101036582443751 0.1546875 0.12078789152687515
0 0.1046875 0.21415537860909728 0.1328125 0.12965374525034734
0 0.19765625 0.2608505002843405 0.21875 0.15821646276527798
0 0.21953125 0.21448464656086824 0.10625 0.06028549620027786
0 0.16328125 0.15536291327836818 0.096875 0.08037979065319449
0 0.46015625 0.361491505602674 0.11875 0.11370143692972237
0 0.3984375 0.297554985751042 0.1546875 0.10985039152687515
0 0.5765625 0.3837321411456255 0.1515625 0.108215156344514
0 0.659375 0.268472123478195 0.13125 0.09992987765916679
0 0.13359375 0.6859219290459376 0.11875 0.09338893692972228
0 0.26484375 0.1803830567051044 0.165625 0.088229964665139