2 0.35847921387416876 0.7789083590347001 0.6011647417545565 0.4058980629198981
2 0.15214888050872694 0.628101620911776 0.30429776101745387 0.2225897054263573
1 0.2898180320641413 0.5306327429032862 0.3030017155873715 0.2311240962347739
1 0.10518105268730567 0.2194590037006278 0.21036210537461134 0.20454300740125558
1 0.46908538701522956 0.21277102174234158 0.48704205759604163 0.34410136489479637
3 0.291075237128169 0.3205568360557409 0.2686883577936857 0.12307176434108591
1 0.6132562610880411 0.6321286983296436 0.34021328925077726 0.2553020758767081
1 0.8501507743833951 0.7923802876245871 0.22489212613894988 0.19965524830195705
1 0.8260145953453778 0.6951653261812499 0.28608723137238706 0.23471017118863138
3 0.8165093346808598 0.5487013363602827 0.3223887524190744 0.2432631508305656
3 0.8179338687405526 0.3896069386120361 0.25902493145709177 0.1442458574935408
1 0.6254887635071155 0.4086411335548189 0.3245435156438411 0.17335116902916284
0 0.6864394869869948 0.1969013995939479 0.09030575256024882 0.08050712523071266
1 0.8976753056710773 0.48803274906792404 0.16260495776545056 0.1458503254152827