1 0.8743341617847907 0.19364139526949758 0.19889138957179853 0.36285017061270247
1 0.6599784585179016 0.5795144777009109 0.2452867257844229 0.3106816348570076
1 0.18532321021594464 0.8312029762030988 0.22896081893687778 0.29846867728066223
0 0.6442671275470645 0.2668230301265052 0.08284967766703613 0.15286965060882313
0 0.7847512276393496 0.22116023057584883 0.07669980721668548 0.15392196757828502
0 0.16587891656515272 0.16442980650848024 0.0801857526208937 0.13555460485118864
0 0.09645138880583148 0.35039899954095804 0.06696386181247735 0.17177914727484325
0 0.028055434920633532 0.5323981696946186 0.05594721622369908 0.12114141848667064
0 0.2398476287836822 0.6837541492316973 0.07515829117755653 0.10561201333591956
3 0.3788984392395702 0.5876927369539444 0.10692513263196837 0.31026756242753384
3 0.3138415430324831 0.45078241044158496 0.18633083281653837 0.38513975879399176
3 0.808269356884457 0.7515972875433711 0.19909404379845022 0.24473789940087515
2 0.5347710140365441 0.22913132467619177 0.17890026218161773 0.3176971672787226