0 0.18331091409329542 0.5741199711561985 0.16974566016782516 0.08743191286711749
0 0.11329533463408277 0.5242751817389422 0.08011447510489073 0.052676559337988135
0 0.8644029356644124 0.7501017920933268 0.15303175684847722 0.09237952199532415
0 0.8803733230117207 0.6316002458275932 0.14169243776222656 0.12725142946385706
0 0.9206100045501702 0.5003852120094143 0.07850535352912935 0.09294636182749905
0 0.7305178008159038 0.5077986607693031 0.1825775468904336 0.1132607070582587
0 0.7865202696970173 0.44529773815392326 0.16108105518880328 0.09609651784613935
0 0.6612834713566912 0.4578946717669652 0.11565015601864026 0.09110044191141178
0 0.5819493236364206 0.5617785335944643 0.13847234937994451 0.10525803029369403
0 0.47576129106764153 0.4152489209417727 0.2037421518694554 0.10554329544054095
0 0.6183272993660113 0.4199811972867744 0.09981166846619498 0.06659734937994446
0 0.6804730244709021 0.3686662284056611 0.2049261435710857 0.12116829544054104
0 0.7455894616084289 0.3396523120140586 0.19834425684847723 0.09581309793005195
0 0.9046568082890809 0.3213847962425117 0.13522895020978148 0.10345873195336797
0 0.920413708083944 0.22620235080661502 0.11105774440092268 0.11250184523075964
0 0.8275391238508465 0.26275700267607044 0.20587333693238968 0.13366829544054104
0 0.8171469981259001 0.21538509520753762 0.1015158784242387 0.048084147720270545
0 0.883198973230791 0.16377412840101668 0.08911096680652122 0.06889355518880329
0 0.5596878504056297 0.33276646243362146 0.11022895020978148 0.10156434523075956
0 0.6314453738508464 0.27761609853152996 0.14690015601864026 0.09346842531467221
0 0.44634740082054825 0.3421316522704407 0.14377515601864027 0.09323162697434614
0 0.3932009352634271 0.22343011907696164 0.12455155933798814 0.0855608369323898
0 0.7929199445874822 0.6786188010163965 0.11013386182749904 0.07980774440092268
0 0.7835658261352203 0.1767612257063687 0.15750576929603194 0.06941561867597637