1 0.3810377652639366 0.6361875270502771 0.2558027236249547 0.35488015551388835
1 0.5209222856220023 0.6126898213953694 0.17565654379845022 0.24376770678620333
1 0.43513167334809955 0.2680225788882399 0.2227294077703959 0.3721852327051848
2 0.18282989126984162 0.14961716559865706 0.16175473010335972 0.22079909849212936
1 0.9066374880444824 0.9477056521916891 0.18672502391103513 0.10458869561662176
0 0.7734243267995587 0.7342202346849522 0.1123369185677376 0.15277226842611089
0 0.9816037600221492 0.8604969365701833 0.03679247995570165 0.1727334539114814
0 0.915852856256923 0.7140525805851835 0.0851526573089707 0.18923744872768503
0 0.8169638618124774 0.23772523496777626 0.05374436613141391 0.08705023213953693
2 0.664794596696199 0.5180689714426376 0.1863542119047624 0.21673631508027746
0 0.03122781847545248 0.11149386606976848 0.05564682757475111 0.11673773213953695
3 0.8257854680694005 0.8724228637142115 0.11137519586563335 0.16201056738935157
2 0.2841675555186425 0.38532907313879583 0.28152221930601806 0.4410322689917588