1 0.29535768864372774 0.88106795454527 0.1888327997741211 0.23786409090945995
3 0.3582547178652716 0.6013665846894235 0.268412425913071 0.4362118962002414
0 0.26822125206613856 0.6067733796918979 0.09474959983059081 0.1825469063770065
0 0.5249255493505981 0.7082384616677879 0.08206758930724725 0.1787668091359686
3 0.8325307359281873 0.9795258842144537 0.1389252630835923 0.04094823157109247
2 0.64990316254713 0.6742872648108627 0.11079880503579283 0.24413950361804454
0 0.40827304451244917 0.25661400667026235 0.08428253669052861 0.1633055834462281
2 0.43434126280124374 0.3966182089542545 0.12185813140062188 0.19331398801421235
0 0.5363371313300347 0.2890281162357723 0.09236805247554418 0.1684025192218769
0 0.6563087261107151 0.24936250791345776 0.10228908404557516 0.17826884215265534
1 0.8601294890531331 0.4859152408392875 0.1542001945406839 0.21370173111680746
0 0.7807296863658276 0.5401689716174106 0.0971465577372161 0.170210680687266
0 0.5659530967762318 0.6504159955889859 0.10250191567207612 0.12843261646291496
1 0.911087231372387 0.26427261419960735 0.1530464891943076 0.30087418249628844
0 0.647579926266007 0.08612220149102265 0.09461382096198286 0.09998006784239585