0 0.51171875 0.45625 0.07265625 0.11171875
0 0.721875 0.2234375 0.09140625 0.16953125
2 0.41171875 0.0796875 0.15078125 0.15859375
3 0.7109375 0.48125 0.1078125 0.1375
3 0.57890625 0.640625 0.1484375 0.28046875
3 0.8171875 0.51875 0.09921875 0.16953125
3 0.4125 0.8828125 0.10546875 0.17265625
0 0.27890625 0.89765625 0.0890625 0.14453125
0 0.2578125 0.96953125 0.1 0.0609375
3 0.37890625 0.740625 0.21328125 0.234375
0 0.78359375 0.871875 0.08671875 0.14453125
0 0.7375 0.975 0.05 0.05
3 0.22734375 0.7796875 0.103125 0.240625