0 0.6279689771717604 0.8966700430174157 0.10788201082055267 0.20665991396516867
0 0.7521626466095171 0.8252600620888437 0.079273626022532 0.14818412986961613
0 0.4400537885336737 0.9631592035293597 0.0711141335443795 0.07368159294128063
0 0.27657396173235427 0.91704608827024 0.10638169530200425 0.16590782345951993
0 0.3856320276466141 0.7156848701270884 0.10389319279472176 0.18921823295387147
0 0.38609869206980596 0.5921928230491877 0.0835064849563052 0.13264095048646746
0 0.40815085147843283 0.4253053319776415 0.1280293747688908 0.1599671095770768
0 0.4014355017158596 0.33373544074393935 0.11455790815498564 0.18003414772652385
0 0.684144016297336 0.15420149390762478 0.09536998746358769 0.11098413879807008
3 0.6726957024281403 0.0641122820570717 0.08406877461060631 0.09829322402541767
0 0.18581886190327407 0.35654782913826766 0.107398626022532 0.14867505357072242
3 0.1320583982588698 0.6729580332781829 0.12830215940862688 0.169342109577077
0 0.3904083881632329 0.12171668181548567 0.08188180047485369 0.18414890340856666
0 0.854766124043975 0.6300760215037648 0.05309155925034226 0.10712275324641088
0 0.32977110187414416 0.27151608441327346 0.12355247492717539 0.22079551542127546
3 0.47277798964166573 0.5413354809219812 0.12447847743445788 0.19894778896022594