0 0.7343997997499379 0.6555969486812023 0.1664266335443795 0.09560360885972194
0 0.810877383215175 0.6113773484456465 0.07645485141192587 0.05656164976444433
0 0.05418241699698127 0.7822355930255092 0.10836483399396254 0.09884618605101832
0 0.21480373594724905 0.9822451549482405 0.15573317445232168 0.03550969010351892
0 0.05296690947513388 0.6671184409519906 0.10593381895026777 0.13111188190398124
0 0.028018385260239066 0.5382320233270833 0.05603677052047813 0.09521404665416658
0 0.20391432937510903 0.5559252456646755 0.17965405925034234 0.12169721715379592
0 0.15800844748008225 0.49159961404351815 0.15732441818411552 0.10415840263916643
0 0.2803691807870348 0.5124868954291198 0.11192098997087019 0.09706907257314797
0 0.34230322796318324 0.6181599884546289 0.13567673871722885 0.11005708812453677
0 0.47077287193240397 0.48293397087698986 0.19813127461060626 0.11396262959490713
0 0.32835805139929053 0.4783066765318974 0.09869356426490725 0.07097546427907382
0 0.2742986887045936 0.4250162897269439 0.20014841567683303 0.12972433063166627
0 0.21571931057049057 0.39247790033009217 0.19321645407749283 0.10574002648462928
0 0.0638470624176989 0.3656632476909258 0.1276941248353978 0.10978368605101832
0 0.059458601874144215 0.27150314458064806 0.10782452335696499 0.11697146946287021
0 0.1460038556350679 0.3119709026391663 0.20212009263643718 0.14392353166842559
0 0.163751296780437 0.2673125135251386 0.09975595909205773 0.053924665315833134
0 0.10578568408574011 0.21368037412828683 0.0878469924781526 0.07314355702175908
0 0.3996540413701607 0.3968215221493048 0.1074608105039836 0.1044714694628702
0 0.33709185688870913 0.33965427964217526 0.1431709899708701 0.09980309330833306
0 0.5103642208370472 0.414339795759212 0.14000052586424747 0.09796719123481452
0 0.5802030108870596 0.30218083982148036 0.1211141335443795 0.09163927879370348
0 0.11543318791317084 0.7165804901980553 0.10843227711788872 0.08429567049962934
0 0.20234243533938132 0.2330933384073607 0.15498902837152995 0.07745920160240712