1 0.4558026872826019 0.25238980965180524 0.29052863152302777 0.21573932845659752
1 0.20280536197819035 0.22148987424069427 0.29005039940087524 0.190775696047778
1 0.10773120441154334 0.46635039219246527 0.15589854000775866 0.20948671561506954
2 0.18572801396413938 0.654739438545243 0.28013326546195144 0.20302112290951407
1 0.36498404776298027 0.9425271132227774 0.2911029742462448 0.10814503400368096
3 0.8819343657712121 0.7551614790110062 0.23613126845757568 0.10687347473312521
0 0.752916029715955 0.4881220622172563 0.19177265394280313 0.09491637575930571
0 0.5830181178972441 0.47798726206475645 0.16938747091226497 0.08815722948277802
0 0.6187161150223062 0.5796945792190968 0.1097573793969957 0.0836502610179167
3 0.6694034463664578 0.05956195754385361 0.21466802000387944 0.1079255220358335
0 0.5417868242656414 0.6057498925737148 0.07697683030538141 0.06417290919430556
1 0.25187852775910086 0.8418387418318748 0.36170225879399165 0.17060997283326423
0 0.6879437024546894 0.7949006987101384 0.12528678454774678 0.06373780452090276
0 0.47404069912070945 0.782659191110694 0.14234673879011234 0.062575348023889