1 0.5194305019399852 0.3422530780101717 0.34328837946721474 0.24604479213379057
0 0.4666119776825165 0.8550240160416795 0.17700285178688588 0.10165757909743363
0 0.16599255376623984 0.9138240286286932 0.1055443458553869 0.06779302000387943
0 0.024820997491361015 0.8528700374226847 0.04964199498272203 0.09113492515463051
0 0.05095636904991043 0.49743323833107045 0.10191273809982086 0.1113835233378591
3 0.3543440128144002 0.304337974077067 0.26178902866891207 0.15685500425206378
1 0.41891455429771246 0.4968445963470611 0.3110833745242989 0.22005637698109984
3 0.6781581976050918 0.1922535937619872 0.21523236364988402 0.16084113152302776
0 0.11813057608372339 0.03125012893795388 0.08873884783255322 0.06250025787590777
0 0.6166490587463368 0.45968008088510953 0.18535386266130088 0.1537302621279716
3 0.6408811017125238 0.6484716428536016 0.23509919467652338 0.1515617263722767