0 0.3912958408056944 0.0833092228156043 0.12990831838861122 0.14743259263643715
1 0.4446000659200693 0.21150843065402083 0.24884407560680585 0.3601264724198929
2 0.5549913988419789 0.27179036427754255 0.20193270801562518 0.35720004922121246
3 0.6883682497156596 0.21781958128715906 0.1683902433504862 0.19071123119538153
1 0.7325325577519441 0.40282271859246216 0.1942280043684029 0.29451819279472174
1 0.9148170744694439 0.46441475112062724 0.15647343123013896 0.28248955423577743
0 0.778150263014687 0.592558820004388 0.11402874525034737 0.1360404515702104
0 0.7552712349949299 0.8365899648315385 0.088483231382639 0.11187552586424739
0 0.6757097151432979 0.8960355095004043 0.07442073138263901 0.11146634890464355
1 0.5924614572595133 0.8698155410725444 0.17198932845659734 0.26036891785491106
1 0.5338352589306246 0.6769181334778723 0.30255095706569474 0.386672252045064
0 0.0438058047599823 0.8548981001582845 0.0876116095199646 0.10732441818411545
3 0.7892761330744096 0.24889974821763333 0.11428462480937504 0.21411998746358768