0 0.3953291274405749 0.7951591911106941 0.07802736282348777 0.1751831443766667
0 0.4549574975709586 0.8687408550546525 0.049828450486467446 0.08081489532659702
0 0.12980450243563196 0.07975762234083322 0.08707508035608366 0.15665134992375004
0 0.25188405397775954 0.06727645934680547 0.12112279788867956 0.13455291869361094
0 0.38610509537361737 0.03078337376572902 0.09026253571381497 0.06156674753145804
0 0.40143226623534967 0.2218126100886455 0.10475350405718978 0.18517639342673622
0 0.4617891136375619 0.16418064162378435 0.090309174511885 0.16297408510611117
0 0.46262313636573343 0.29535790644142323 0.0879284683433749 0.11606271751493065
0 0.36121854910979084 0.37815418227697883 0.09768529788867966 0.13815592306201402
0 0.5287451939969409 0.4890520486338884 0.09419783360249454 0.2067968202884723
0 0.5071447037361735 0.33961574629718705 0.06271028003177204 0.10298083605604172
0 0.5535617820636622 0.27527983615295093 0.11138533360249454 0.20719686379145844
0 0.577404431008002 0.20678375608083285 0.08474101298564349 0.20189111474138893
0 0.577869855519887 0.05319250949930533 0.09738528896022594 0.10638501899861066
0 0.6749766806009649 0.03885659935506918 0.10942163879807013 0.07771319871013836
0 0.6491897021113204 0.12077221447770778 0.12544783360249454 0.20752417211208343
0 0.6997664005691929 0.13130901776433967 0.04242505357072233 0.10407055737069451
0 0.7470465495135327 0.06226742382451326 0.06561709172016936 0.09055357123840284
0 0.6068213754086847 0.4005512866660411 0.09716710064862308 0.10846842306201392
0 0.6557594817393507 0.32600457513503417 0.08691143912238175 0.14727634992375008
0 0.6094224496789837 0.5199734338924994 0.086856892044481 0.14415134992375017
0 0.7412258287378212 0.5746946886421521 0.0802796095770768 0.12525587955902787
0 0.2135834387186398 0.15668183862149287 0.07531937418757347 0.10952177678548618
0 0.7444379724038599 0.16697310762010353 0.062184174511885 0.16231946846486114