0 0.9109375 0.29609375 0.07109375 0.11328125
0 0.87578125 0.43359375 0.06015625 0.1546875
1 0.75390625 0.18828125 0.15 0.30859375
0 0.67109375 0.2375 0.0703125 0.15703125
0 0.59609375 0.15 0.0890625 0.1515625
1 0.59140625 0.30078125 0.11328125 0.23046875
0 0.328125 0.1125 0.08671875 0.10859375
0 0.34296875 0.23359375 0.06640625 0.159375
0 0.27421875 0.34765625 0.07421875 0.10234375
3 0.425 0.26484375 0.11953125 0.40078125
3 0.39296875 0.59140625 0.11484375 0.25546875
3 0.4015625 0.7546875 0.15078125 0.228125
0 0.5546875 0.6171875 0.109375 0.13828125
1 0.47109375 0.82734375 0.18984375 0.26953125
3 0.91953125 0.721875 0.06796875 0.30625
0 0.8765625 0.68984375 0.053125 0.146875
1 0.35078125 0.91328125 0.11171875 0.17265625
0 0.2359375 0.93125 0.075 0.07890625