1 0.76640625 0.55546875 0.15234375 0.30390625
1 0.43046875 0.875 0.1125 0.24921875
2 0.25234375 0.875 0.140625 0.24921875
2 0.4828125 0.203125 0.2140625 0.20703125
1 0.275 0.13828125 0.153125 0.2765625
1 0.10234375 0.10390625 0.14921875 0.19765625
1 0.65234375 0.7171875 0.1828125 0.271875
1 0.115625 0.66640625 0.128125 0.2625
1 0.15703125 0.9078125 0.07890625 0.184375
0 0.46796875 0.3484375 0.09765625 0.1359375
3 0.61015625 0.9140625 0.2265625 0.171875
1 0.221875 0.37109375 0.15234375 0.23125
1 0.61875 0.16875 0.18671875 0.20234375