1 0.6762226532962086 0.26130469151042635 0.2868203065924172 0.4418611489696704
0 0.833818547320839 0.6387104089416472 0.10109084308955411 0.1950775468904336
0 0.9262681050916066 0.6357173087365101 0.14746378981678668 0.27074132033565024
0 0.9224396440246305 0.43536211122602114 0.0915158551898024 0.15999215186945542
0 0.5060900197024967 0.9297862788438014 0.09008062021691714 0.14042744231239723
3 0.40058490826617826 0.9170835240699166 0.2198408430895542 0.16583295186016683
2 0.18199398955007157 0.9361985317435865 0.2163976805217675 0.127602936512827
2 0.13218839050858913 0.708146231953368 0.20296241529826115 0.25589849295103023
2 0.12087311972593787 0.5081578873473083 0.23774648145684396 0.3288157746946166
1 0.615814477646215 0.8566923209603502 0.251881704329481 0.28661535807929966
0 0.24976469242562419 0.24695046805592077 0.1354385720123153 0.19299482863402007
0 0.8700252546753819 0.9454319910885414 0.15694086729005088 0.10913601782291735
2 0.853050857232906 0.857259499398522 0.19515900565734084 0.25686899710021505