3 0.86953125 0.53671875 0.1125 0.221875
1 0.6859375 0.0625 0.1578125 0.125
1 0.7109375 0.284375 0.090625 0.3125
0 0.64375 0.53046875 0.06875 0.1375
3 0.46484375 0.0640625 0.159375 0.128125
3 0.2328125 0.1546875 0.121875 0.146875
3 0.315625 0.1953125 0.121875 0.090625
0 0.196875 0.29921875 0.053125 0.1078125
1 0.43515625 0.30234375 0.15 0.3375
0 0.3203125 0.5703125 0.0609375 0.140625
3 0.509375 0.89375 0.2 0.1796875
0 0.29453125 0.04453125 0.0796875 0.0890625
2 0.55 0.29609375 0.103125 0.23125
2 0.4140625 0.559375 0.1484375 0.265625