0 0.41380476690493123 0.758633093973317 0.08506859707395838 0.16453519867214011
0 0.46398791128159794 0.8333512928418487 0.053344511967847195 0.07686248184962743
0 0.22354790919430562 0.0713613947120016 0.09397081838861121 0.1427227894240032
0 0.038685865975659935 0.252152852459328 0.03790265634451401 0.1517624878997516
0 0.33835529160312505 0.06951254840099365 0.12671058320625014 0.1390250968019873
0 0.4635364763486459 0.043317687062871035 0.0926979526972918 0.08663537412574207
0 0.46252275626826406 0.23327856996921179 0.11344817021222227 0.17563632513557328
0 0.521624346124028 0.18761609114464653 0.09735039152687505 0.15523292154477705
0 0.5127059006449308 0.3079967688377437 0.09164459897381967 0.11145565046753818
0 0.41416060429215307 0.3710785518188392 0.10305487765916684 0.13183178298109546
0 0.5600205777910073 0.49446553396305415 0.10454594889756948 0.1958942829810955
0 0.5497526121759378 0.35544394057891243 0.0662809230620141 0.09568520472226431
0 0.5984979302802086 0.3012467990883647 0.12020731648875013 0.19754768657189176
0 0.6252409618153474 0.24170817262493158 0.09502547853284735 0.18958974082661778
0 0.6387007837193404 0.08145192867505577 0.10327308320625014 0.14120678298109554
0 0.7307791809457986 0.07622809748935834 0.11232077488562506 0.12719882513557323
0 0.697078287803403 0.17253092574818957 0.1327436840799308 0.19918290944452863
0 0.7435538975107988 0.18866901015534082 0.047567290653194406 0.0971386204133089
0 0.7914452304327085 0.13135141384433285 0.06922408510611114 0.08789088544042355
0 0.6372902861878823 0.4236939708295335 0.09934799620027786 0.10681360226293624
0 0.6881975163362503 0.3616706938003663 0.09229921561506949 0.13958065046753826
0 0.6312422675705213 0.5331189678044714 0.090700348023889 0.13800906010845856
0 0.7484674415824658 0.6011962812325796 0.08401393692972228 0.11922269867214012
0 0.294933906344514 0.1498671480316513 0.07743662860909736 0.10512383723582164
0 0.7811818372903127 0.22751788671696982 0.0707151563445139 0.15195338544042353