0 0.3261343527716496 0.1620970416634984 0.17413532092583345 0.11660675878059874
0 0.23422729673301235 0.03809139422102228 0.18467040653397532 0.07449198165323564
3 0.4646616976854164 0.291844149878363 0.3279581418516669 0.23309534289316236
3 0.8006761646012551 0.5102639144144984 0.3603682274598089 0.191107830792914
3 0.6016179263880794 0.5559935291704665 0.2683648180303493 0.22806240924813698
2 0.373914611458102 0.49527770120622294 0.5092895326698764 0.3700509631100796
1 0.5777308544287887 0.7668492159387499 0.3442723465663967 0.21444533684303835
3 0.6618061397892615 0.9080014567653677 0.1621447431755744 0.1274715359079618
3 0.7158557849506972 0.9361976169954633 0.27173806699689196 0.12760476600907325
0 0.5807894261831916 0.952854893631847 0.11904540653397522 0.07411018657189175
0 0.5182016890034732 0.9040401437300429 0.11886562406898663 0.10378859621281222
2 0.21069015436461683 0.7747646924256242 0.42138030872923365 0.286965752337691
0 0.13213371815869304 0.66969994252382 0.1174829065339753 0.07410109621281222
0 0.19392739681857485 0.6348936713483854 0.1710830955329393 0.11815107806243948
1 0.33805838647949266 0.64432827956325 0.3398031703877142 0.21910556576579943
0 0.8433817030620998 0.3651604926733295 0.2095291654253156 0.13868174668035033
1 0.2066715692732036 0.22704480991206685 0.3511773180303493 0.2285441982793567
1 0.14380667710969583 0.3243556262670414 0.28761335421939166 0.2172521742752515