3 0.7926729524946472 0.49680755687607386 0.16521112602253182 0.15155780298213628
3 0.3055486887045936 0.3907707863555957 0.41906355172849497 0.18392298825501047
3 0.4833180552267212 0.9343519871343833 0.24045516693047428 0.10847304420664727
2 0.7012118443522969 0.1794274917532368 0.338495513327835 0.20499635471063105
1 0.5242759566512822 0.3851870614284204 0.27525136724704335 0.23125732633910107
0 0.13260631604727388 0.7275530354976659 0.1323698822907382 0.09596102084968265
0 0.17970995124100594 0.5037147187254762 0.19201766693047428 0.10706365690134448
2 0.19286655146579754 0.9100185430195132 0.3126771594086269 0.1761439290046681
0 0.38098031690520373 0.8834691002247915 0.15598923871722895 0.1028929824490227
0 0.7770098147271256 0.2303020184754141 0.17046091567683294 0.11736465940862688
0 0.04627246018109678 0.6022695421615835 0.09254492036219356 0.10773359514371954