2 0.59375 0.684375 0.13046875 0.17890625
1 0.4640625 0.26171875 0.16640625 0.228125
1 0.5875 0.07109375 0.1078125 0.1421875
0 0.18125 0.06953125 0.0609375 0.1171875
0 0.13515625 0.02265625 0.03828125 0.04453125
0 0.22890625 0.01953125 0.08203125 0.0390625
0 0.2203125 0.5421875 0.059375 0.13125
0 0.32578125 0.875 0.0765625 0.13984375
0 0.33359375 0.946875 0.090625 0.0890625
0 0.7671875 0.38828125 0.0484375 0.1140625
0 0.69609375 0.3609375 0.0734375 0.146875
3 0.88046875 0.10703125 0.07734375 0.2140625
0 0.546875 0.26953125 0.08671875 0.11015625
0 0.54140625 0.4984375 0.0734375 0.1375