1 0.14313069200250084 0.5600492211609446 0.2862613840050017 0.20948892812846154
1 0.10922771651796823 0.24190929287559956 0.21845543303593645 0.23649391424880087
0 0.5160367292937542 0.5727974360003676 0.17643109604505725 0.09841412091177588
0 0.5550988653155683 0.4590760950073813 0.10989915990702759 0.10348355027685514
3 0.8593100259789004 0.12381521129567881 0.26164733020561537 0.13809598704319
0 0.42442656360986886 0.03657693862126135 0.17737088317182242 0.06736438001107464
0 0.486986547770427 0.01609491363510466 0.13383940445914605 0.03218982727020932
0 0.3947248219846167 0.6949005783499435 0.11196440445914586 0.0662839389258032
0 0.3259412430395091 0.4550952035806562 0.12897694183801275 0.10937260487264702
0 0.8759726381155011 0.025017677362494377 0.20655563861970413 0.050035354724988754
0 0.2940510127373487 0.14370592304355773 0.16015053218308672 0.0880378254152828
0 0.524380198952253 0.8872511597822059 0.17591764381548422 0.06882675046142524