1 0.08851811911608623 0.42734375 0.17703623823217246 0.371875
1 0.18826801867098167 0.3140625 0.2227433936660387 0.4078125
1 0.5864956440796665 0.72890625 0.23396153733537267 0.334375
1 0.5158748214309252 0.34375 0.2626944634721108 0.2796875
2 0.4532459565755473 0.12734375 0.23725808684890543 0.2546875
1 0.748474861608967 0.26640625 0.3267684204514 0.459375
3 0.40253192695410756 0.884375 0.13997398376465037 0.23125
1 0.9666683392911279 0.790625 0.04271715421934559 0.209375
0 0.3771629232973643 0.27890625 0.16604556006354426 0.203125
0 0.79315829586338 0.43671875 0.09900233603812651 0.121875
0 0.8670946278443168 0.49765625 0.0989750624991764 0.1203125
0 0.2353770235422456 0.4796875 0.1005921095770769 0.1234375