0 0.7993912426483099 0.9266770361258313 0.17925813206674715 0.09144258930724689
0 0.7718294866554161 0.9748073681052679 0.12005355042954129 0.050385263789464216
3 0.7750485826532586 0.7445624861399487 0.2792315558566084 0.21565290500755802
1 0.3227446969684669 0.5406374944559795 0.2559644742194024 0.18781633134415224
0 0.31930983774164123 0.6385744655167842 0.14430992198083886 0.0785029735504665
3 0.10042596166778797 0.4895245025602488 0.1590894742194025 0.18217400512049758
3 0.35643586499257685 0.2918051523061349 0.27530097241038015 0.140652905007558
3 0.5935087398232347 0.19345647049610748 0.3910012155129753 0.17854628910960307
0 0.7321695273624773 0.3425071624765428 0.1964323439616777 0.1516366366622938
1 0.9441040405914602 0.9635884180205633 0.1117919188170795 0.07282316395887349
0 0.5976373128655549 0.8518381178935064 0.12350609905006031 0.06794490514873246