0 0.8359375 0.73046875 0.0890625 0.159375
1 0.78828125 0.84453125 0.14375 0.1921875
3 0.1046875 0.459375 0.0421875 0.215625
3 0.096875 0.71640625 0.090625 0.2890625
3 0.15390625 0.62578125 0.0765625 0.296875
1 0.2875 0.63125 0.165625 0.253125
0 0.66875 0.834375 0.06875 0.171875
0 0.65703125 0.0390625 0.09375 0.078125
0 0.35546875 0.1359375 0.075 0.1296875
3 0.31171875 0.215625 0.125 0.2703125
3 0.86484375 0.04453125 0.0609375 0.0890625
1 0.2515625 0.9109375 0.115625 0.178125
3 0.3296875 0.94375 0.05625 0.1125
3 0.5703125 0.86171875 0.1375 0.221875