1 0.8904710413958579 0.23341777847742237 0.21905791720828427 0.26863098202865066
2 0.808076921669216 0.44593264744456357 0.37725579545304766 0.23179072485707447
1 0.816167885548364 0.551619652253887 0.3549365105500115 0.29503476932211187
1 0.316857632301953 0.484213831210344 0.2759933043815014 0.24543158420556885
0 0.09811336079159756 0.5663640991816934 0.17926258035608367 0.16085319836338668
0 0.876265228890091 0.9081895999843015 0.13461255357072233 0.10776291469812271
0 0.1539586172877146 0.18729664727492762 0.15366256249917618 0.12560517912609298
0 0.1784892386359143 0.07181798021455213 0.1718943652591197 0.09657244355406329
1 0.40690770819380984 0.633363148540872 0.26975121266133184 0.1562053930985762
0 0.5544218620094135 0.5409177321134686 0.19006371266133187 0.15342264427970279
0 0.6405538254815244 0.8234425446346731 0.14716710064862326 0.11132442431676956
3 0.4417384500761349 0.7501339862898199 0.2664625714276298 0.14672126569391467
1 0.64767262458802 0.9082304399682751 0.27994441882984217 0.1835391200634497
0 0.4966208189887027 0.7184772477225654 0.2043171274339844 0.1648512176006804
1 0.1714210324674041 0.024724725405228715 0.13034206493480816 0.04202878729346103
0 0.1321905316533299 0.3715798780376339 0.10349892126547414 0.11448414065150558