0 0.5487610250168814 0.7714788161728316 0.11440075599585597 0.17994867328319836
0 0.47868827356913934 0.830331585403254 0.06472177956950453 0.08408820967712849
0 0.93057156554915 0.14378173180754414 0.1188699321745382 0.17547949710451585
0 0.820684989246633 0.10427192969784829 0.15346325599585597 0.18176803846084472
0 0.7022217795695045 0.05251378132908752 0.10814644789030403 0.10502756265817503
0 0.6500536197257605 0.23983921030081018 0.139910178245597 0.192050566996892
0 0.6040647235308674 0.17699676199622125 0.1201413337461151 0.1693022717116217
0 0.5791996182780184 0.2987283668347855 0.10723891935425697 0.12660534946188076
0 0.6578576193114756 0.3905840729972573 0.12380998924663303 0.1476455955329392
0 0.47984608932768624 0.4685571774215367 0.1360959735308672 0.21058224317557445
0 0.5299466350272414 0.33390604156572584 0.08143839867609248 0.10825345574818704
0 0.49783830231458365 0.2665023717971842 0.15193929735218498 0.21599748924663303
0 0.4876777442090317 0.19964235752916054 0.1280651497095498 0.20553087014004517
0 0.5196447200162106 0.05886977005899189 0.1236644400324213 0.11773954011798378
0 0.43187073821317573 0.038323983665061755 0.12936647642635143 0.07664796733012351
0 0.4372902923897861 0.10972702574526165 0.16458484656639666 0.2194540514905233
0 0.38729029238978613 0.11193049586617079 0.06417812406898663 0.10589043507002258
0 0.3565989104629167 0.0449935146823084 0.08092897642635144 0.0899870293646168
0 0.424625588294229 0.37560985215247705 0.11639559553293925 0.12235449710451593
0 0.3920806079389361 0.29883118238393547 0.11479886228216225 0.1550214478903042
0 0.39995953618453317 0.4848050696874884 0.11309081306795062 0.15182367328319835
0 0.2660040672017798 0.516881323202145 0.10284251778268025 0.13263702564056318
0 0.8364620006191725 0.2076687574481073 0.09437504631872776 0.11821065260503386
0 0.33998079879992693 0.13840525868645237 0.09485023531769157 0.16188787799792798