3 0.44140625 0.7375 0.090625 0.26328125
3 0.6109375 0.6453125 0.1359375 0.20234375
3 0.7453125 0.8578125 0.134375 0.1515625
3 0.240625 0.64453125 0.07890625 0.35390625
0 0.52578125 0.80625 0.0671875 0.10859375
0 0.28984375 0.94609375 0.0828125 0.1078125
0 0.76640625 0.6578125 0.071875 0.13203125
0 0.87421875 0.315625 0.05859375 0.14140625
0 0.91875 0.390625 0.05078125 0.121875
0 0.525 0.08046875 0.10546875 0.1609375
3 0.44609375 0.14296875 0.06640625 0.2625
2 0.42890625 0.32890625 0.1734375 0.271875