3 0.5590112929404208 0.9036343449338379 0.21310475768074627 0.1927313101323243
0 0.4460492903801721 0.9716191348570076 0.10233531570031093 0.05676173028598477
0 0.3958518693052498 0.9457582654619514 0.1206904735504665 0.1084834690760971
2 0.2797179060663656 0.8683669114442578 0.15564086817585512 0.26326617711148437
0 0.4763169741857509 0.5687323483524067 0.09632751038216938 0.15870506242753404
0 0.5244954109045145 0.44236103805090465 0.13226501038216937 0.1616386148531283
1 0.3733138005505799 0.6121319198637964 0.25485118387616607 0.3706943636451804
0 0.3246843976797476 0.35540381667959775 0.10379139988706054 0.12665783697334118
0 0.24952331591207244 0.14988752713088105 0.10781104195220044 0.16897288273097572
2 0.06549489632903607 0.7224964954580722 0.13098979265807215 0.27879416394474266
0 0.004075766067364224 0.6657843677280663 0.008151532134728448 0.16281873545613249
2 0.9014010031955333 0.6693686588230866 0.14568901550266702 0.31202125212603204
0 0.35940540606636556 0.8778844656214311 0.18719470506402774 0.2236601248550678