1 0.7423324176238232 0.743276064713351 0.33633025595208466 0.2088836282237459
3 0.8531406975379958 0.4513225952075377 0.2937186049240082 0.20419612822374594
3 0.7720741839674681 0.8541184763310685 0.2856639844126597 0.1288875522890181
3 0.9441009642597933 0.8626852250816688 0.11179807148041335 0.1304948286340199
1 0.7289804757858104 0.6421871613940031 0.23846120248167466 0.12064807718412744
0 0.2038822867977892 0.6356387342284531 0.13766352698730666 0.12388963112353099
3 0.13194803059360288 0.3819110055990774 0.2068834205506893 0.11359259378086702
0 0.205047404963349 0.19180530124011108 0.2233825056999832 0.12727658548249732
0 0.2780238991864913 0.8310803661771766 0.11974405347041017 0.08989313942190087
3 0.48097113057393237 0.04867735819115685 0.33155563861970416 0.0973547163823137
0 0.7237049337922411 0.0289536248881427 0.12235560124083733 0.0579072497762854
0 0.9466773481003068 0.5753977900187344 0.10664530379938633 0.10608682448483506
0 0.923071149263366 0.16745523545463098 0.1538577014732681 0.1045010136969545