0 0.8056080307179012 0.5517148334808779 0.18809384108157481 0.12140310509226264
0 0.8552752213799131 0.4783830202702285 0.08911096680652086 0.06741428413027997
0 0.23353950209781438 0.9445042815347374 0.14723204274124865 0.11099143693052511
0 0.18511181226099513 0.8313626630412401 0.14022502614450913 0.14661593671876352
0 0.11054767491368685 0.7095716920510224 0.06479805103961843 0.09555469468185844
0 0.2731768068624104 0.6591530050499104 0.20428752614450918 0.15034715244730917
0 0.2027333296829273 0.6122710287980209 0.1793108369323898 0.1286695735222315
0 0.32362524752442223 0.585866694470097 0.13461364357108563 0.11362142619541978
0 0.42930840769224743 0.6666910312170952 0.15935353444287886 0.13217400512049765
0 0.4837913076876029 0.4824140127306566 0.22268232863401996 0.1467517155873715
0 0.3523529761537979 0.5338715549652058 0.11396925684847722 0.08752936305535748
0 0.2791280410908635 0.5016058155591366 0.23023471950581334 0.1643032366340588
0 0.2099044444102114 0.49135158404557533 0.21560353444287889 0.13545019454068416
0 0.08299932490904244 0.5205168973268117 0.0959063410815747 0.11603379465362344
0 0.052753872624668574 0.429308068401734 0.049386538592063774 0.11799113680346807
0 0.1260021184754837 0.4413523130694751 0.1982510136969545 0.1733296261389501
0 0.10484824627502239 0.3880075051910847 0.11098596680652095 0.06868835779368573
0 0.05115456121208796 0.35687933155591367 0.05471265601864028 0.0856336631118273
0 0.38072458465730474 0.4258539286144942 0.13075493776222674 0.1242859104104042
0 0.2965029500092887 0.3921699023767221 0.1648931394219007 0.12316302616718496
0 0.4891165024987997 0.3987215521931955 0.1615313410815748 0.11985601564384121
0 0.5027385267692092 0.2602883837491091 0.14218934523075966 0.110951452503779
0 0.26766420313278844 0.8532824366481762 0.1259723493799445 0.10222889988706071
0 0.1252190232447241 0.33863683674699835 0.1710480510396184 0.10174305247554419