2 0.4817317893250966 0.6546875 0.21895120612255692 0.3828125
2 0.6031547775801072 0.240625 0.15387647241989288 0.240625
0 0.8202610242148948 0.05546875 0.1188529515702104 0.1109375
3 0.5310537717076123 0.03359375 0.1535174565847754 0.0671875
0 0.312970046780437 0.25234375 0.1487630750854599 0.2796875
0 0.4220759253102515 0.12734375 0.1316999440483629 0.1765625
3 0.20172866989997518 0.2359375 0.1456835391920826 0.28125
3 0.12862012734268025 0.33203125 0.16156460345698984 0.34375
1 0.18003890868371103 0.60546875 0.2039841210079671 0.190625
0 0.4335513874383171 0.8875 0.14787051332783516 0.1953125
3 0.6485472162847007 0.640625 0.24288881129540627 0.4
3 0.600974568158845 0.90625 0.17393290815498563 0.178125
3 0.9284212697290553 0.7953125 0.10424018527287444 0.253125