0 0.7844685575344826 0.44628562824146795 0.16316524122451134 0.07937167451188501
0 0.8518439256394558 0.5075873668773822 0.0764093873053028 0.0497466298696164
0 0.126861679862598 0.14667222280760167 0.1571425617576248 0.08707508035608366
0 0.3375909282132453 0.009016084413273435 0.15018185642649068 0.00886825973923264
0 0.10194189937949702 0.25633754910649553 0.1659098079967011 0.12002394805083538
0 0.06638013558944347 0.37596821063273705 0.10254598997087014 0.08924550649282174
0 0.26168427540202904 0.40592626623205436 0.1732676669304743 0.1045353157455871
0 0.20851982297388885 0.45731544236879246 0.15093802586424748 0.08852848620028234
0 0.3283011255603136 0.46799561809849355 0.10865959765100212 0.08466710064862308
0 0.4039028676427548 0.3826405450460105 0.1308528463973609 0.09598643019392786
0 0.5054379385715796 0.5444877544609316 0.19179034639736087 0.09705009821299111
0 0.3686366205457487 0.512427456572252 0.09547763605166182 0.06101141233702041
0 0.30961697321131576 0.550439925322664 0.19376202335696496 0.1111398717519414
0 0.24837559633085388 0.5657688705341254 0.18839256175762475 0.08762055113509035
0 0.08872781169111778 0.5536119695611907 0.14022784639736086 0.09615007142762995
0 0.07486755166198791 0.6408255974022122 0.11554609514371965 0.10665119480442442
0 0.1688759644358271 0.6245068965087078 0.19573370031656917 0.12522964529089187
0 0.17885636968781887 0.6723131509729348 0.09654003087881238 0.0438511858759707
0 0.11590774030007456 0.7094761858759707 0.08463106426490724 0.06394549756436803
0 0.42529344899642085 0.6078996436660388 0.10429034639736087 0.09552278003177221
0 0.3561630157686106 0.6472973344132734 0.13839256175762477 0.08674779788867966
0 0.5334241977427796 0.6207190178536122 0.1352220976510022 0.0851307508107789
0 0.5838908621659715 0.7449747240221225 0.11629024122451134 0.07855346834337489
0 0.20190479546028878 0.2299716923687925 0.10365384890464335 0.07364778003177212
0 0.21133390056663126 0.7150461217519415 0.15021060015828452 0.06352848620028233