0 0.6453963826864497 0.2593874109972575 0.10017715940862679 0.16940592306201394
0 0.6016941953020042 0.17951741983097272 0.058523205331134066 0.07943423328250007
0 0.7756250357603633 0.9424849728332643 0.10694398495630501 0.11503005433347155
0 0.9727093212580293 0.8025802454377786 0.041819090129154544 0.14931032218833346
0 0.6614488754938066 0.9370512840036808 0.1415463054894186 0.12589743199263842
0 0.5346961588799015 0.9561091021079516 0.10130173871722903 0.08778179578409677
0 0.5541495378719343 0.7725394147969796 0.12554087226160818 0.18248780452090294
0 0.49122364053750134 0.8101108435585769 0.10771687476889084 0.1602127610179167
0 0.5104246184341776 0.6918881736306949 0.09867684389007839 0.11784342306201392
0 0.6135663388090065 0.6411998022397921 0.11333037727617316 0.13848323138263902
0 0.47914221153283326 0.5022256083762157 0.12139894154108041 0.2011287017473613
0 0.4769612490755632 0.6419238880114934 0.07161423871722902 0.10003767401194459
0 0.42524563638086627 0.6891248899113546 0.13711486975432585 0.20461737765916688
0 0.39328859421928286 0.7445929867009726 0.11027958511458973 0.19462412860909736
0 0.36660773693486226 0.9008968848773614 0.11360316191590938 0.147858231382639
0 0.2737299151481076 0.9018580132021181 0.12288723370266394 0.14495143692972262
0 0.31620090848419 0.8052564233463544 0.14809783386094857 0.2064344507974308
0 0.27183714304478385 0.7831443807932988 0.05598923871722894 0.09967399810013902
0 0.21947667266995502 0.8350146988975696 0.07446645407749282 0.09073540919430556
0 0.39660850785105184 0.5635430084524656 0.10796091567683304 0.11493662860909737
0 0.34045544774277964 0.619228657578785 0.10262019780928666 0.14604115824437508
0 0.41068171654739816 0.4569118019554518 0.10252926959604132 0.14291615824437506
0 0.3005960112162641 0.37627743816399334 0.09417120031656916 0.12398432028847228
0 0.7132410445358519 0.8738324239150354 0.08599498746358769 0.1113024823325695
0 0.2378198442192828 0.7409744113785072 0.08101798244902278 0.1549070119678472