3 0.09157195954245194 0.6019586476705794 0.14812707117798857 0.34454229534115866
1 0.16816636266130086 0.1475787641334942 0.15355471741393628 0.24815861827193716
0 0.47661948570272494 0.3516232914959715 0.13426620653952134 0.1956953595655099
0 0.6651526754735135 0.8651136606724197 0.10875687056996633 0.18188516508343397
1 0.7183599526223696 0.6020647840327396 0.1750768903416297 0.27891065128862386
0 0.9295759783255322 0.7347488885098669 0.07923119665368965 0.14603619629109837
2 0.8212608236494464 0.39151346562451683 0.14673171444818678 0.23376856965141818
0 0.8516991042583438 0.14364253165789037 0.10738537155854937 0.18649077792830412
3 0.5458403068807136 0.6920302855030777 0.1262043557412186 0.11263719810012063
0 0.538648525283233 0.9291634964377262 0.09523819863085592 0.14167300712454747
0 0.5572300875267919 0.8376293905460317 0.13410438045579803 0.22998847241038015