2 0.11674311416679299 0.20162588606495563 0.13954533079291398 0.36278652667183914
1 0.09388337284919582 0.4332426768216203 0.11281920432948087 0.33249324879205205
0 0.06092945140261463 0.27203423879011235 0.056977228726369414 0.12959164727484324
0 0.24062552088084713 0.15395327379690119 0.1264362767345796 0.25707866061076284
1 0.1777937227744411 0.09182019349151976 0.11011131908544902 0.1354907030344175
1 0.5169016745698392 0.12731012289821392 0.24317834913967826 0.19008209243335297
1 0.7233243913923519 0.1738336629059726 0.19977378278470379 0.245885811219586
0 0.47101297852997764 0.29301500016917786 0.11478972872636942 0.13431084030732113
0 0.6769680627407373 0.39338101729811925 0.23305898145684392 0.3298142721299112
1 0.8384191680287356 0.49479948033447646 0.25457140885535345 0.5377223669791601
1 0.9221078459182245 0.8282494512467412 0.1557843081635511 0.2848846672787226
0 0.2898327188656162 0.6928721236471199 0.09586701190385671 0.10309279121570665
0 0.9663272302389003 0.43188450533932554 0.06734553952219927 0.22892196757828512
2 0.49130677693097136 0.1572368678972441 0.2135817527304745 0.20328372303829684