3 0.65546875 0.5953125 0.14453125 0.14765625
3 0.5734375 0.64140625 0.13671875 0.21875
1 0.53515625 0.790625 0.1109375 0.20234375
1 0.8671875 0.16953125 0.12109375 0.2859375
1 0.103125 0.30703125 0.14296875 0.34765625
0 0.23046875 0.35 0.075 0.13359375
0 0.62421875 0.82734375 0.08828125 0.1234375
1 0.475 0.04296875 0.171875 0.0859375
0 0.775 0.6953125 0.07265625 0.11875
2 0.44140625 0.76875 0.15546875 0.23671875
1 0.1921875 0.14140625 0.04609375 0.28203125
0 0.24453125 0.9484375 0.0734375 0.103125
0 0.4515625 0.603125 0.090625 0.1125
0 0.37734375 0.2109375 0.14609375 0.20390625
3 0.68984375 0.3171875 0.1015625 0.2671875
3 0.265625 0.15234375 0.12421875 0.3046875
2 0.45859375 0.3765625 0.0734375 0.1875
0 0.40234375 0.46796875 0.0859375 0.16953125
0 0.425 0.93515625 0.08828125 0.1203125
0 0.3234375 0.9375 0.08046875 0.125
2 0.72109375 0.48359375 0.13203125 0.1671875