0 0.4889264071442838 0.7529032777106093 0.08281104195220053 0.1669321506088231
0 0.5514333833961733 0.8153078117993141 0.051152247298576904 0.07726387272903601
0 0.1803083972562246 0.10381117090256657 0.08878802616718491 0.1627548336393613
0 0.029585873366939776 0.33276470257537555 0.029140010382169356 0.15322059484924894
0 0.29043455517696726 0.07857978469267893 0.12398207352223149 0.15715956938535786
0 0.41104318678935065 0.039764646356759366 0.09065436305535753 0.07952929271351873
0 0.4446578655450192 0.22195616665050277 0.1067945735222315 0.1782203369733412
0 0.4954699366481763 0.1644308380121113 0.09154900512049746 0.1567599251546304
0 0.5072103444277446 0.2851419507392077 0.08743835779368574 0.11288237939699589
0 0.4217803496188292 0.3682570818031935 0.09964993145709156 0.13565019970043757
0 0.5864714521508432 0.4599986874032881 0.0986026419239657 0.1977675624275339
0 0.5525907338620486 0.323040692404258 0.06318181043863902 0.09690669303247787
0 0.5905387839185183 0.2602857298269428 0.1142276419239657 0.19904302000387936
0 0.6072110734516444 0.19612763497769384 0.08904563140062187 0.1938772878817268
0 0.5931045288686081 0.053652061050408116 0.10019596302712266 0.10730412210081623
0 0.680938457836038 0.03620959847309293 0.11187691567207611 0.07241919694618586
0 0.6658510551063801 0.11127453179349515 0.1267276419239657 0.20006338606495558
0 0.7148800893072471 0.11747686330682457 0.046176320961982854 0.09862868969849795
0 0.7517738735787013 0.05009817360832665 0.06732327886860787 0.0879143303053814
0 0.651270428543907 0.3730729011885513 0.09644933674699843 0.10739765394280312
0 0.6909706943995098 0.2999703699747843 0.08760495776545092 0.14244233363936135
0 0.6639362994917724 0.4827189681580132 0.087513952503779 0.14087983363936124
0 0.7912037257577793 0.5249228304260676 0.08017188936371689 0.1216196506088231
0 0.26454616033981704 0.17543133726320526 0.07466534200867017 0.10717451333591957
0 0.7582429524331918 0.14769065072950938 0.06489549985882573 0.1530291472748433