0 0.20625 0.87578125 0.07265625 0.1453125
1 0.28984375 0.4515625 0.115625 0.34609375
2 0.73046875 0.42421875 0.221875 0.234375
3 0.5703125 0.1421875 0.096875 0.284375
3 0.3734375 0.640625 0.0640625 0.3109375
1 0.4578125 0.88984375 0.153125 0.2203125
1 0.5359375 0.71875 0.15234375 0.20703125
3 0.078125 0.4296875 0.125 0.26484375
0 0.18125 0.31015625 0.0625 0.15234375
0 0.4296875 0.41484375 0.12421875 0.20390625
3 0.678125 0.61484375 0.11015625 0.18671875
0 0.8453125 0.509375 0.0625 0.13984375
0 0.10859375 0.86328125 0.07578125 0.10859375