0 0.4687579016860289 0.7363089083412844 0.09337793144645268 0.17532861474138883
0 0.3996694120775891 0.8096749795796871 0.05724405347041017 0.08245013050895836
0 0.8171767923225455 0.05109162789824621 0.09336722376899793 0.10218325579649241
0 0.9703242996120125 0.2449480647827075 0.03334736758448216 0.1645716462765278
0 0.6963943987591626 0.04020998570578098 0.12643109604505726 0.08041997141156196
0 0.5328021563007314 0.16621396067798563 0.11903349530842303 0.18528549620027784
0 0.47981355011621557 0.10972887775607598 0.10198810694082035 0.16460932028847228
0 0.4629324166922915 0.23959821571197876 0.09871028763096845 0.1177343202884723
0 0.5531807222563887 0.3209553588543745 0.10961493664223276 0.13982752583555555
0 0.372985487843729 0.43278647767982603 0.11285990496334905 0.20854115824437508
0 0.4137793686697629 0.2844210596518052 0.0711644418380128 0.10305357123840278
0 0.37456368538172496 0.2205956022048608 0.12848490496334905 0.20890483415618064
0 0.35894939305917956 0.15388088089020802 0.10304786238870207 0.20207295269729175
0 0.37432265680493443 0.028212652926041533 0.10135468639013112 0.056425305852083066
0 0.2777043829197209 0.014569033434999906 0.11021623416055819 0.029138066869999812
0 0.2968425129894502 0.0870616292746874 0.14068997402109956 0.1741232585493748
0 0.24633441459860456 0.08006413402434007 0.05096120248167448 0.10414329255305559
0 0.20568191744859615 0.028432164893888816 0.06988616510280768 0.05686432978777763
0 0.306502464210617 0.34619632066972195 0.10597648441265975 0.11010365824437507
0 0.2664344751063803 0.27225098081395804 0.0993330005042031 0.14894795269729177
0 0.289659535614156 0.46436509242121493 0.09922373986054138 0.14738545269729175
0 0.15151504340782615 0.5213989552627429 0.08988159084927708 0.125328614741389
0 0.7269617017253699 0.100076548349548 0.08421074505632156 0.11115701196784729
0 0.19856355011621557 0.11627504416857622 0.07542560694082043 0.1639910712384028