1 0.7377594647517234 0.6053080301538966 0.3728942493634532 0.23264999326957536
1 0.5791976986791812 0.07618911229898548 0.35479768268618095 0.15237822459797096
1 0.9270283133752255 0.6770369629859955 0.14594337324954906 0.17789298244902269
2 0.06140221869031709 0.1724911139483381 0.12033177601845371 0.13939277210332376
0 0.4034362720400891 0.28367368870459364 0.16206474267981755 0.1015578029821361
0 0.8435420093491356 0.09190109653037488 0.15112724267981753 0.1012395542357774
0 0.8471840826702725 0.015423793877443127 0.16311816534054496 0.030847587754886253
0 0.858768114696044 0.19149191957077075 0.15107269867918127 0.0965520542357774
0 0.43329123543917697 0.767343995051942 0.19026246801399935 0.10862615690134447
0 0.20059198802513523 0.1793823084589195 0.150818160009545 0.07467705423577745
0 0.908387401376498 0.2916450322654677 0.14654883068109043 0.11047816191590928
3 0.8584794027291334 0.43533284778401615 0.18499426002545355 0.19281930047485366
3 0.22054633477876756 0.819643595605938 0.2986931333545445 0.16488818025830945
0 0.1419208007638137 0.7117378188837608 0.17658177601845368 0.14102947994174037
3 0.6812698233609078 0.18337084567244505 0.21290108402290803 0.17488765439406198