0 0.26701374141579304 0.2764996296868599 0.1789249515990064 0.152040216370337
1 0.48059393150372615 0.47614958801211127 0.25555108411256366 0.16922745849442933
1 0.7305621152469475 0.46121101679058557 0.3215851502711464 0.24489688031507978
0 0.017081919108890148 0.6383132009083855 0.034163838217780296 0.13587359818322894
1 0.7127080364971369 0.17452408876101735 0.17566359621281205 0.12834762485506795
1 0.8917728469001831 0.26688757663304574 0.21403627068445524 0.28140872303829684
1 0.7428747211241211 0.7608443549718749 0.31512607201231513 0.20844919728454164
1 0.8959179078924044 0.7624073707236905 0.11946813836728971 0.13313097758022466
0 0.9015053534412868 0.6073372334507867 0.15693177693097127 0.1299420757634536
3 0.5582098713952676 0.5572723001303845 0.363309041958086 0.16865311577121211
0 0.5932585997288535 0.17021883922005931 0.11286361436318479 0.07168329454968654
1 0.5789116941931498 0.8913603866446838 0.2051511083130606 0.09639599425012406