1 0.3328125 0.87265625 0.1765625 0.228125
3 0.71796875 0.40234375 0.146875 0.1796875
3 0.88046875 0.65234375 0.128125 0.3015625
0 0.1375 0.925 0.0546875 0.096875
0 0.1375 0.41484375 0.071875 0.1265625
0 0.6515625 0.91796875 0.0859375 0.134375
0 0.41484375 0.03671875 0.0734375 0.0734375
1 0.653125 0.709375 0.1171875 0.3546875
0 0.759375 0.56953125 0.065625 0.134375
0 0.75859375 0.07265625 0.0734375 0.1375
0 0.596875 0.08046875 0.109375 0.159375
1 0.50546875 0.12890625 0.134375 0.2578125
0 0.890625 0.1671875 0.059375 0.109375
2 0.71328125 0.1859375 0.125 0.253125