0 0.04437532826916621 0.5477380134936534 0.08005378875333345 0.15535377153942492
0 0.4384747396476733 0.3585376637654254 0.09233558320625015 0.1468528566887189
1 0.47164111740374925 0.8417115246415182 0.16686672378319473 0.3165769507169636
1 0.6736069269586453 0.6785980635329942 0.16675500816812522 0.19417560694082053
1 0.8256656151226386 0.3989155533935356 0.13245404977125014 0.2619751121366005
0 0.8924517651988886 0.48809802171465194 0.06094011284152785 0.13841764381548421
0 0.5482088430868051 0.5860995710745629 0.11174019984750014 0.17628898441265975
0 0.4958085820688883 0.6857282304773873 0.13063567021222228 0.18385011213660044
3 0.6701935990707287 0.5562860209583473 0.20599934612402784 0.20471962303236388
2 0.5726334937317359 0.276363938154842 0.13252547853284735 0.19802187278026226
0 0.8731257626334374 0.20895147109423334 0.04222517401194459 0.07159077673520509
0 0.8547939899320138 0.18967159337029252 0.04080814437666689 0.07773151609154336
3 0.1798965606017357 0.4742672985267317 0.121950348023889 0.14580380891829173