1 0.34609375 0.14375 0.17109375 0.2203125
3 0.71953125 0.59921875 0.14140625 0.17421875
3 0.8765625 0.35703125 0.12421875 0.2921875
0 0.15703125 0.09296875 0.053125 0.09296875
0 0.15703125 0.58671875 0.0703125 0.1234375
0 0.6546875 0.09921875 0.08359375 0.13046875
1 0.65703125 0.3015625 0.11328125 0.34375
0 0.76015625 0.4375 0.0625 0.13125
0 0.75859375 0.91875 0.07109375 0.134375
1 0.5140625 0.86953125 0.12890625 0.2609375
2 0.71484375 0.809375 0.121875 0.24609375
3 0.91171875 0.07734375 0.0765625 0.1546875
3 0.846875 0.9359375 0.1484375 0.128125
0 0.89296875 0.828125 0.06640625 0.1046875