0 0.5173385449980703 0.5129748110033365 0.07997230799670092 0.12164675782192055
0 0.3119082135778973 0.768320276590708 0.102012444048363 0.18220482622365458
2 0.6385653049606932 0.887027690055471 0.16231344655564542 0.16387903142885668
3 0.3112105654520415 0.5022857529131846 0.11824519780928666 0.15039338410204497
3 0.43996238809672594 0.3280985530402415 0.16631428793844147 0.3013790314288568
3 0.19998590894640847 0.47198287386105 0.11138744404836295 0.18275085779368574
3 0.5997847028238515 0.07917796473077011 0.11772837226160834 0.15835592946154023
0 0.7367618655976906 0.05888509243219321 0.09816001834239999 0.11777018486438642
2 0.6407543467930722 0.20919111639206517 0.23213786473976086 0.2584172576807463
0 0.2166910579967011 0.1047652817817926 0.09659751834240007 0.1569318104386391
0 0.25996603338609486 0.011970108005447243 0.05412521034569906 0.023940216010894487