0 0.7773272241078608 0.41654577612128724 0.18393898801421252 0.12443500539858472
0 0.8280022535065029 0.4889643051655813 0.08765048620519025 0.06889355518880329
0 0.18167272388071817 0.04783292613986474 0.17727955223856365 0.09566585227972949
0 0.1370009537543302 0.14758262717483878 0.17011550542706688 0.1576260136969545
0 0.06527536069716368 0.2689616423216858 0.09751016508343387 0.10854805103961844
0 0.24547079375927897 0.31989348982753046 0.20095606965141818 0.15218149710021497
0 0.1752910905707757 0.367231353729622 0.1749734237898611 0.13153711037760657
0 0.296968016735486 0.3914715692867431 0.13213082654882316 0.11584033278320494
0 0.3993361001817141 0.3090124215664726 0.15482469810012062 0.13312292116548727
0 0.45825964156614385 0.4913028580792996 0.2194604081860289 0.14891478714217127
0 0.32621510346107446 0.4421693862984011 0.1119887449116174 0.0878570427412487
0 0.25364738466873893 0.4756815485408187 0.2249667797373264 0.16489498465266034
0 0.18539202962578477 0.48630066244291026 0.21263719810012066 0.13750369046151914
0 0.052758750565826885 0.4561423336083975 0.10551750113165377 0.12834033278320495
0 0.02706935379975871 0.5469808211608429 0.05413870759951742 0.1310383576783142
0 0.10023739851931965 0.5405164109930178 0.2004747970386393 0.17919428299298623
0 0.08261783243017529 0.5913568605780993 0.10960737336031982 0.07211364357108571
0 0.028396158413171523 0.6232473232354353 0.056792316826343045 0.08788035352912935
0 0.35716080902442693 0.5495432557995701 0.1279346494796016 0.12486013527271585
0 0.2744368402320914 0.5838250126480473 0.1605833751693421 0.1242215178461393
0 0.4655974287667021 0.5740086143030769 0.15893898801421233 0.12254061867597628
0 0.4825282219601542 0.71123592716555 0.13821705223856356 0.11318892946385688
0 0.23457199457293307 0.1269606286247313 0.12210072930778511 0.1026299377622268
0 0.10417524988845835 0.6403029234405724 0.16889384215265535 0.10461941286711748