0 0.7870500768589391 0.5424478062763007 0.17320925782192056 0.0824553798517325
0 0.865971008386618 0.4858952167132541 0.07938366311182747 0.05111112141421188
0 0.06965599246042807 0.7862971093484944 0.13931198492085614 0.09161212504240908
0 0.25153345093175067 0.968911168789656 0.16110409997176517 0.03525299763774718
0 0.06823697660482536 0.666530246371803 0.13647395320965072 0.12943950725639403
0 0.04187116865584785 0.5378794567160892 0.0837423373116957 0.09611608656782167
0 0.23670844261571986 0.5273610750502582 0.18422235253201386 0.11090776206571747
0 0.18947639782092196 0.46819689537601106 0.16299979991529537 0.09457343393541642
0 0.31645612677423457 0.4699999536360463 0.11759629465362353 0.09142858656782167
0 0.38094429002723623 0.5675445870311577 0.1384548262236546 0.10151291469812271
0 0.5126555635635852 0.40779258639818555 0.20546031570031092 0.10073415389834958
0 0.3656972635777026 0.4277380425661207 0.1019867052052021 0.064375013246844
0 0.30992467668952994 0.38134668140352773 0.2080238735787013 0.1179762176006804
0 0.24901726876878733 0.35618547949676194 0.19866428413027987 0.09114089908902612
0 0.08081330033881841 0.3527033593484944 0.1494833314853265 0.1034573606144387
0 0.07096952904507592 0.2580456237764646 0.14193905809015184 0.11590279691210785
0 0.1759052634365283 0.2862301327621393 0.20875191567207607 0.1304762176006804
0 0.19435142654835563 0.2372469957388308 0.10245714206513994 0.045679576949174815
0 0.13389133966018293 0.1910193256832304 0.09132222099021767 0.06868056733052792
0 0.43912632927801354 0.33161452151472837 0.11023882096198286 0.09896826805616729
0 0.3733795029131846 0.28245282441728603 0.14563028939195172 0.09084823320977709
0 0.553742566123834 0.33151033939341046 0.1424142841302798 0.08917660580511537
0 0.625821234426746 0.20502719574667996 0.1233912683452644 0.08383434137714507
0 0.14747309541596496 0.7074602920179665 0.11052724729857691 0.07714783175849824
0 0.2342630659826596 0.1945312168828902 0.1597992052052021 0.0663938702330856