0 0.6114512524190744 0.2199558924725064 0.08281104195220053 0.16136474687674202
0 0.5548757577513335 0.1476041695016736 0.051152247298576904 0.07371021077238851
0 0.8590785544005083 0.9023406247149172 0.09182202090551286 0.15516928903121965
0 0.7480878464938832 0.91549058538911 0.12656104195220053 0.16161927693097128
0 0.6231634412039765 0.9443519044745589 0.09203485253201382 0.10518746974937869
0 0.6084352703408158 0.7451513351927181 0.10835707352223167 0.17088519262201593
0 0.554225183452643 0.7939206332991242 0.09302049985882554 0.14892837939029951
0 0.5526410256730747 0.6727950670423456 0.08743835779368574 0.10672269867214013
0 0.6448670520520212 0.605829759958949 0.10112142619541978 0.12710792154477701
0 0.48960415742663244 0.4895058440715128 0.10172764192396552 0.1911522408266178
0 0.511030378346263 0.629272326019336 0.06327281570031111 0.09408634328594587
0 0.46816731513561366 0.6850092416121848 0.1173526419239657 0.1912431444174139
0 0.44662551507914383 0.7445296873574586 0.09198862087727822 0.18484769867214013
0 0.4473598044005084 0.9047359343323965 0.10010495776545092 0.1364738311856975
0 0.3561733622788987 0.9224597655180939 0.11104245776545092 0.13653746369925485
0 0.38132600974688485 0.8175904583365016 0.12994364718563745 0.19287836729005114
0 0.3344132123918382 0.8037961239293503 0.046176320961982764 0.09554884933607007
0 0.29177766233536845 0.8634392895221991 0.06732327886860796 0.0831761143631848
0 0.4189269073560453 0.5641609313073344 0.09810284200867017 0.10209883118569749
0 0.37426612571542706 0.6292864824388026 0.089076452503779 0.13484769867214014
0 0.4165082916698518 0.4555444554096354 0.08889444198043535 0.13172269867214012
0 0.29411808120297783 0.39373532269968636 0.08320588410204496 0.11450792759490129
0 0.7823347729010643 0.8191650312325797 0.07622784200867017 0.10197156615858276
0 0.29403884137338565 0.768081337726801 0.06654900512049747 0.15033634328594586