0 0.7156416943705344 0.5821897296591843 0.18213082654882307 0.11653359456891899
0 0.801323566826343 0.5374771981597404 0.08600609905006032 0.06576077886860787
0 0.02832091531057649 0.7012670974115164 0.05664183062115298 0.11621580517696728
0 0.12339780416318688 0.9149894212160966 0.15911605042954133 0.06378802616718496
0 0.03957267582602607 0.5844058211031571 0.07914535165205214 0.14681335779368573
0 0.025292169833132254 0.4533756289815475 0.05058433966626451 0.10262374203690498
0 0.19011715117708228 0.47416002388928485 0.1960229081860289 0.1438241366622936
0 0.15547987958035625 0.40685840280024516 0.1748096494796016 0.12545356826055976
0 0.27736152363289096 0.42935648712816904 0.1289239393936934 0.11187691567207611
0 0.32068439846354885 0.5389898213855058 0.1530984237898611 0.12730449459715382
0 0.4766588387617533 0.4013925688958443 0.21452724672063966 0.14022869980235592
0 0.33204237958035626 0.3965748082313262 0.10869997060135787 0.08265985253201391
0 0.28745689789772194 0.3407567187123176 0.2200336182719372 0.15612671558737148
0 0.233172189620836 0.3065329081325041 0.20934842378986113 0.13058068401734033
0 0.08365686849907979 0.2762979185146735 0.14043464947960166 0.12345145250377901
0 0.10028884780686491 0.18186537905213465 0.12044969810012063 0.12851838410204497
0 0.17599817673053725 0.22340886596854218 0.22389560266810493 0.17037122611071515
0 0.20255071065173516 0.1774670344126285 0.10623671189493056 0.06538134727034209
0 0.15327772896910083 0.12192196067863548 0.10105124491161739 0.08532982622365463
0 0.4205117373368439 0.31353552410104635 0.12464587516934209 0.11941639988706054
0 0.36679691711959883 0.2535759661520688 0.1572946008590826 0.11820251038216938
0 0.5301799864323327 0.33129290052234506 0.155650213703953 0.11654900512049746
0 0.6233711437138505 0.21760285586872152 0.13492827792830403 0.10755343671876345
0 0.07090904850897736 0.6384338974679862 0.12201884215265538 0.09901289462538862
0 0.24954189733189508 0.1427966318241449 0.16560506784239584 0.09843604195220043