0 0.8092139439969408 0.5253629598169736 0.17671823295387137 0.10352947994174037
0 0.8698162532497061 0.45677809586863544 0.08225912094116268 0.0601766335443795
0 0.16187965341515725 0.8910976761016742 0.1721671006486231 0.11120558762187223
0 0.11770868791115621 0.7796002349563051 0.19154439204448095 0.14768865690134447
0 0.06355875041033238 0.6576510271178886 0.12213982710967278 0.10818823620994636
0 0.2668434375041191 0.6096323789255259 0.1881193831160272 0.13041022868809904
0 0.2043803936726293 0.5609160826073073 0.16753414772652384 0.11419419530200425
0 0.32825427029583476 0.5395077470304992 0.12205800649282175 0.10350073620994635
0 0.41824229627041704 0.623417397267926 0.14574096834337488 0.11824519780928675
0 0.5026287532497061 0.4460940308123054 0.20835006249917623 0.1263137620741938
0 0.36428327354224566 0.49053068942950945 0.10440685633066593 0.076438131037097
0 0.29690090462967794 0.45495925079142285 0.21172052434972918 0.14046719028743926
0 0.22987704586337995 0.44362929420664754 0.20347164772652385 0.11523986975432585
0 0.07064591639750546 0.46856579506457735 0.14129183279501092 0.11838159012915472
0 0.051151622566015666 0.3804747616784825 0.10230324513203133 0.12969952335696497
0 0.13860320941821638 0.3886031619159093 0.21509098620028227 0.1546206185006846
0 0.14260096266462724 0.33869409012915475 0.10251707386326192 0.05764266693047428
0 0.07128507021310922 0.3045714912245113 0.09508640340856664 0.07929034639736088
0 0.40988787419086875 0.38555368441494453 0.11750687418757355 0.11117684389007838
0 0.33233561850882587 0.35046797908381044 0.15180005357072252 0.10748955423577744
0 0.5212481140445989 0.36456288598515485 0.1486477800317722 0.105836126022532
0 0.5564334119332786 0.22958013222423118 0.1297614123370204 0.09747805674305984
0 0.2291547025216528 0.7984759185798269 0.11558981818121908 0.09081887978345567
0 0.17080382914156295 0.29027096199505165 0.16235572402541765 0.0859328029821361