0 0.5264357278700887 0.2630108363234753 0.09464230455162621 0.16879477360693612
0 0.46981880817547017 0.19691612848743728 0.057812242124092174 0.07956567363517104
0 0.7871681257246601 0.9217309943500986 0.10350712152108806 0.1565380112998028
0 0.940627191945216 0.7086605964232959 0.024871938490549896 0.1522905420933748
0 0.6747798249660558 0.9313265312523888 0.1364471672787227 0.13734693749522223
0 0.5525223166311062 0.9658461089326359 0.09840529121570665 0.06830778213472825
0 0.5336441261837022 0.7901417546969746 0.12197007909743326 0.17971686305535767
0 0.47898870603004157 0.8442608363234753 0.10312448424818435 0.15840330517696727
0 0.4755284793679008 0.7231747915992646 0.09655574879205205 0.11603379465362344
0 0.5673171087648967 0.6468845783603804 0.11058629788366652 0.13551183674699843
0 0.40915353558651696 0.5458317706231643 0.11581567394668238 0.19957433674699843
0 0.4340583275511297 0.6830811416416169 0.07028029121570664 0.09895271046687384
0 0.3915202701245656 0.7426157653614925 0.13156821970431692 0.2020468893637169
0 0.37151091694036686 0.80503246537561 0.10593049091614422 0.19277830517696729
0 0.37294638693454785 0.9460236734939966 0.10915134364130097 0.10795265301200666
0 0.2857334293582025 0.9590095209055131 0.11597542848861027 0.08198095818897393
0 0.3077197417857365 0.8845232733245876 0.14419576546195145 0.20433743145709177
0 0.2590749476950919 0.8746253575819243 0.053220336973341185 0.09951415258848365
0 0.21849800299562414 0.9389839891943076 0.07264001666989943 0.08975972099021767
0 0.3397022917954348 0.6273478101562905 0.10554811151914842 0.1118923262236546
0 0.29561770982306346 0.6962119312453301 0.10041407242947367 0.14424979991529535
0 0.33528547195103503 0.5179805154320797 0.09859648091420459 0.14103379465362362
0 0.21223048028598476 0.46764033923665993 0.09081593182259018 0.12191977360693614
0 0.7078152076970315 0.8489538545275653 0.08354556576151388 0.10905575256024855
0 0.2185295670901481 0.8424352128859484 0.07799693849054992 0.15538472099021766