0 0.8103779722893908 0.4474730229239506 0.16536965060882308 0.07436471662612103
0 0.880849711079503 0.5072298180052945 0.07726387272903601 0.04730224687674216
0 0.133114873188078 0.16710166246959074 0.15975737939699583 0.08214085518980255
0 0.33448657030344175 0.012878291663498385 0.15334814060688345 0.02275676483072292
0 0.11398184910131277 0.27709428600615765 0.17493584030732107 0.11502607806243947
0 0.08708412243917198 0.39719316256778664 0.11170251666989943 0.08654655405833438
0 0.2859360816825073 0.42255729781181844 0.17678538273097572 0.0994192587805987
0 0.2363026145632642 0.47458743042357165 0.15376247091226497 0.08522949375348396
0 0.3571890704726196 0.4823186380727022 0.11131987939699588 0.08185905405833438
0 0.42576398516626834 0.39447827048806366 0.13408769970043757 0.09292381908544911
0 0.5394911295661737 0.553658348648699 0.1964601539428031 0.0917249334486339
0 0.40054032880756935 0.5255191922292324 0.09846919303247788 0.058357921544777015
0 0.34363649562724996 0.5650129634046672 0.19760806576151388 0.10578743344863373
0 0.28338452184004714 0.5826226442210223 0.19100737939699586 0.08232266237139499
0 0.12343556593069174 0.5746641775949013 0.14333515394280302 0.09141586123992677
0 0.11267315123704298 0.6628408884654856 0.12560552000387934 0.10380677693097126
0 0.20945255638779403 0.6431010810875015 0.20031847758022464 0.11985902380771343
0 0.22271770199564736 0.6908118732419792 0.09862868969849795 0.04117951190385653
0 0.16190761881532803 0.7302829185197149 0.0879143303053814 0.06298178903121965
0 0.46288057426564144 0.6195873547970191 0.10752519970043757 0.09276928298109546
0 0.39757430972177393 0.6613748789975158 0.14100737939699587 0.08203177088084708
0 0.5721758259326315 0.6288128847530525 0.13775483363936125 0.08045109016268785
0 0.6306894407857597 0.7525321858845206 0.11862219636645772 0.07565450585373253
0 0.2146834797062566 0.24800674970541242 0.1057395590935541 0.07089428298109554
0 0.2581926874517798 0.7331857256031115 0.15315669303247786 0.05867608411256366