2 0.2356700876596843 0.3768385200589919 0.4638672256469755 0.36819795988201626
3 0.14383891801576795 0.5359288837888962 0.23852848620028227 0.15942646567298446
3 0.42118129910649554 0.0840292627178377 0.24211713636243815 0.1680585254356754
3 0.4841251785690748 0.3214809702256076 0.25615236282348774 0.18522698635114895
0 0.3836518457773591 0.2542271577768296 0.1817057418823252 0.12399407981717356
1 0.4547121883083074 0.47297284967127773 0.3284285576279123 0.30100184367091243
0 0.6286269752399384 0.49223861828252763 0.1205773271096728 0.11021837014004525
0 0.6099702528360785 0.6776324627820095 0.20237279788867965 0.1452526497095498
0 0.8998905004037419 0.6442740374318966 0.20021899919251637 0.15357457195929064
3 0.7429392966708636 0.1428849735353765 0.19586942775829588 0.21988877667402046
1 0.8996938571414448 0.1645137628247908 0.11947847727182861 0.1367080955329393