3 0.3299766759692854 0.5234434878183823 0.2884975355653607 0.2739729302879299
3 0.7908179383752822 0.6937247979697286 0.35844185442427945 0.20367901912144787
3 0.8676221093866783 0.5506478215669967 0.26475578122664356 0.18571146668512437
0 0.6550559127347191 0.6052606801402716 0.15614730024766904 0.10815006631598419
0 0.5438316224118476 0.673507637264672 0.24663105913900907 0.17781982109634614
1 0.4803470111631425 0.6227251897009956 0.3718879243166555 0.22479255551864252
1 0.8737372146395271 0.3475530999446268 0.25252557072094567 0.26077202344038464
0 0.09305025661502857 0.41638766116648196 0.09887845574818699 0.08267040252860855
3 0.7750172324222074 0.2198867797711313 0.2901285020669146 0.2086483189368778
3 0.5055459485094767 0.3225657009597625 0.1811516083532208 0.1767393800110746
0 0.3739876176588458 0.05517554673311089 0.05174659057054054 0.04070414558877829
2 0.18857269581888036 0.8522064427833145 0.16861306699689202 0.14166347316352948