0 0.20502187986632103 0.5551137051150479 0.17194891233702042 0.09474084913967822
0 0.1421303676914564 0.4882852742986927 0.07907957386326192 0.0551420179539809
0 0.8494669496690979 0.904525293431024 0.16578073295387136 0.09939198770335977
0 0.888964051942574 0.7949093989154141 0.18362279788867958 0.1369919816532356
0 0.937658876212873 0.6750827122453265 0.11578073295387128 0.09910109621281223
0 0.7384304435833131 0.630924687848438 0.18329551542127548 0.11824198165323559
0 0.7977412138758527 0.5821372090238727 0.16112050649282175 0.10092721662612103
0 0.6747304078694982 0.5625383022116226 0.11726141233702041 0.09442268657189175
0 0.589443518664391 0.6450740671405415 0.1393546006486231 0.1070499515990063
0 0.5012735426103785 0.47291324171038057 0.20349892126547414 0.11211015632127079
0 0.6379610649315129 0.5150911304704539 0.10278980925276535 0.07090337334017516
0 0.7029860470746053 0.48033433538910997 0.20533415665497756 0.1277442466803503
0 0.7684064955324779 0.4682337903077659 0.19708528003177223 0.10269879488495234
0 0.9276941491462107 0.4915162333225654 0.14461170170757853 0.10866699375348396
0 0.9452421363624381 0.4038935134749905 0.10951572727512371 0.11942268657189174
0 0.854951921669216 0.4130372301993074 0.20867734496658025 0.14026242739850953
0 0.8494189419617554 0.36462700127654624 0.10246252678536116 0.052153373340175155
0 0.9175825608743231 0.330633275477043 0.09031708279171582 0.07239315046753828
0 0.5900808981302657 0.41301554606330254 0.11117505357072233 0.10376132513557326
0 0.6644808802733582 0.37820420882748096 0.14700345941492116 0.09772040339440444
0 0.4803513421239112 0.39333937119887585 0.1422886858759707 0.09613063231716552
0 0.4413552516215578 0.26308424463724683 0.12342959172016936 0.08977154800821019
0 0.7799163344099782 0.8142957240509873 0.11079322402541755 0.0818863251355733
0 0.8196944857932452 0.31792017291951913 0.1575864034085665 0.07747153590796181