0 0.3541020810713789 0.22734375 0.12660452283992144 0.1796875
0 0.48966336555840373 0.07109375 0.14182673111680746 0.1421875
1 0.6670325282669884 0.325 0.24534123473485198 0.2390625
3 0.7961379313646347 0.5375 0.24581926956056108 0.3078125
2 0.6768600661449152 0.69140625 0.317572518090223 0.484375
1 0.524370231228349 0.79296875 0.23644426956056108 0.3078125
1 0.43830217718076314 0.64140625 0.2815797071452321 0.3640625
3 0.9738214388278663 0.72578125 0.05235712234426728 0.2296875
0 0.6659702380142124 0.1109375 0.16796650723608925 0.19375
2 0.11924572421940245 0.1734375 0.12191702283992148 0.1796875
1 0.18270071460846404 0.13203125 0.15786116689245616 0.15