1 0.3703125 0.78671875 0.18671875 0.24453125
1 0.29609375 0.92890625 0.1453125 0.1421875
3 0.771875 0.90859375 0.0703125 0.1796875
0 0.83046875 0.79765625 0.08359375 0.1828125
1 0.4203125 0.2171875 0.07578125 0.29296875
3 0.8 0.59765625 0.11953125 0.22265625
0 0.74921875 0.07109375 0.0671875 0.1046875
1 0.9671875 0.58046875 0.06484375 0.21171875
3 0.5390625 0.15390625 0.16171875 0.22109375
1 0.721875 0.7203125 0.17109375 0.209375
2 0.559375 0.73984375 0.15703125 0.29140625
3 0.18671875 0.06328125 0.1484375 0.1265625
0 0.93046875 0.659375 0.06484375 0.14453125