0 0.15283006905775048 0.02151525215946833 0.14368429802252858 0.04303050431893666
0 0.7546603668281776 0.02225242520302605 0.13115144703379294 0.0445048504060521
3 0.1216411451528665 0.3180817666574378 0.18198124556052458 0.26676360271317867
1 0.3025369580064307 0.5895901195275 0.3235353250098353 0.17783840992986413
1 0.3799692812515552 0.9392816340254695 0.30604218639013114 0.08338750308231901
0 0.5485171854585996 0.9424800778885182 0.09760697351689629 0.03892040252860873
0 0.8809686885606925 0.7928470111111088 0.12530563861970379 0.1013598457733483
0 0.3562853988360374 0.7774720488925793 0.10640281930985207 0.05348355027685514
3 0.7436268617092721 0.7215401149040217 0.16826867080279087 0.18188795496493207
1 0.8707735057768577 0.5827303339054979 0.17934828243518836 0.1623764913621267
1 0.7661635073663416 0.8997559500369118 0.27955609604505705 0.10502267118863103