2 0.25625 0.24318503556536059 0.1953125 0.1997218258882322
2 0.1828125 0.11632712903138531 0.178125 0.19735880521006774
2 0.5171875 0.11393214495203878 0.096875 0.18419952564056316
1 0.075 0.3683369311410812 0.14375 0.2629452638537389
1 0.87734375 0.865862941889939 0.153125 0.24775691149637388
1 0.6484375 0.8216077119489308 0.2390625 0.3330095148871962
3 0.5140625 0.6989428457378271 0.19375 0.20902405128112633
2 0.515625 0.4287031203449329 0.26875 0.3406422324222075
0 0.35625 0.5962801104201355 0.0953125 0.1841267510334573
0 0.36640625 0.9203575035146567 0.1921875 0.15928499297068655
3 0.21640625 0.9387222057481871 0.1265625 0.12255558850362576
0 0.8671875 0.33960865694375086 0.05 0.11170378742738744
3 0.74921875 0.2106766741072586 0.1765625 0.11916103060296186
3 0.82734375 0.3322841544625515 0.078125 0.2473887303552928
2 0.36640625 0.3865968953663236 0.1203125 0.22591614474715102