0 0.50020534151581 0.7679507373399306 0.17023359514371955 0.11442506299888784
0 0.2564075289002553 0.7033778160532468 0.19996655925034235 0.11771666297065302
3 0.6863009320406761 0.4568403901401757 0.22689277210332381 0.13176375241907437
0 0.5355256937191586 0.41180715315318095 0.18773934389007838 0.1263636208772782
0 0.5877892242022595 0.5187327163638302 0.1224038489046432 0.07888240514873246
2 0.8211439111244865 0.11246511874055246 0.31390469028743917 0.2249302374811049
0 0.48465614482715047 0.005584329136839245 0.17443771034569902 0.01116865827367849
0 0.10521503424402467 0.13659838168297056 0.18631323620994644 0.1309601156156064
0 0.017258044668865942 0.20198743422910187 0.034516089337731884 0.09602513154179623
0 0.04547866989997515 0.520388823733993 0.0909573397999503 0.109222352532014
3 0.05112443890244933 0.7219135263789463 0.10224887780489866 0.1626203683170294
2 0.2599286486545812 0.5019518239457545 0.320762444048363 0.1949455628577134
0 0.9088221043814266 0.23407991139862458 0.14210859514371954 0.11278696828879457