1 0.7726008302330388 0.7461851702984633 0.4224278956185735 0.31161639434304006
0 0.8449662605578553 0.92178368075122 0.10985838479802083 0.07659186305535748
2 0.11415028196785142 0.6787381919804354 0.22830056393570283 0.2397582629424182
3 0.09296743533938134 0.5260913341161624 0.1859348706787627 0.19280766823232476
3 0.16542013070789255 0.5276986077230986 0.07657452335696498 0.1120897472985769
0 0.2201591064929977 0.4753240366199414 0.11477320533113407 0.08467737884037305
2 0.4475316002247915 0.4337867969315236 0.373172041699365 0.28067023123121276
0 0.47667484560593804 0.23905812585660136 0.15580738229073815 0.10110601564384121
1 0.24391983306952572 0.11594133134415215 0.2562907670887588 0.1771518471291677
1 0.11333507429403711 0.14101838410204498 0.22667014858807422 0.18203676820408998
1 0.06445129341522471 0.2132427236210536 0.12890258683044942 0.15773544724210717
0 0.6356082617449894 0.45178418096298145 0.17555759263643722 0.1365730787839034
0 0.8914741653476288 0.5605955517696725 0.13596624373179367 0.062513952503779
1 0.7197201519532864 0.2774736966774098 0.3301541644231918 0.14245759968941646
3 0.8245022433360824 0.14584353605524408 0.26767088479802076 0.08578339448421435
1 0.8720662504622183 0.36695196758292287 0.2264381310370971 0.11613875241907445
1 0.9246349724863998 0.28158288595642206 0.11724498746358769 0.11601838410204497