0 0.41646824264004667 0.16925903069398193 0.15694198535963508 0.2036628254152828
1 0.5458262892664122 0.45762301897378965 0.1750930960375438 0.2875767504614254
1 0.4530553445655956 0.7149429680786256 0.25249193738063413 0.3643580983942421
0 0.8545596833227277 0.027111103488371074 0.13655566534054522 0.05422220697674215
1 0.17566723591664019 0.6023473426910295 0.13186926002545335 0.19581075262089379
1 0.20503492055223255 0.8292009369232183 0.28737492003499837 0.27603607803617647
1 0.7447786732177326 0.803199927519378 0.21282945337363443 0.310292359653009
1 0.702635531866688 0.9362720458102602 0.13166817067154532 0.044348382170543134
0 0.5475940432050059 0.9095161860003678 0.12783519334818116 0.11748549352159472
3 0.6023388239179128 0.5656369756367647 0.16853510805217944 0.39488860271317877
0 0.20992515193350308 0.4760258721483937 0.07327496268299924 0.1249184592838688
1 0.9232496658975501 0.69496022363418 0.09315220536281679 0.22299501387966067