3 0.11770530686720679 0.4274000714276299 0.14409256410140792 0.2445057508107789
1 0.26440244686135606 0.9362977844959989 0.1808947431755744 0.1274044310080022
1 0.25947531410591707 0.7074439017837136 0.12978181513486522 0.3394909683433749
0 0.3574206242783836 0.4511314464259823 0.08979886228216234 0.15144549756436804
3 0.4984499611293797 0.9430307999172743 0.180676419354257 0.11393840016545127
3 0.7549225930562491 0.8810697313257231 0.1451413337461151 0.16646257142762977
3 0.6712047185729778 0.8319134366834543 0.14074062406898663 0.10549779788867966
0 0.8081118672490704 0.729530550724758 0.06959337014004499 0.11986821509696402
1 0.5549697506236818 0.7086923506453278 0.1968623072769823 0.3718864569792892
0 0.7054236306885244 0.43296742207295774 0.08056941149637406 0.15440685633066592
3 0.5359866958233896 0.09223550770734246 0.2280266083532208 0.16947056899199792
0 0.6792440428085801 0.971556994721699 0.09226458271265763 0.05688601055660207
2 0.43305836332012876 0.7073462646072013 0.1335189371369371 0.25212733603812654
2 0.6043876695636539 0.43667702881066084 0.18548385152879537 0.29518758928453737