0 0.6568707184025195 0.24907590865896173 0.10843853558899426 0.16934087334017517
0 0.6160918680985084 0.1683889900410509 0.06262201680591399 0.08003293364502548
0 0.7584808642185377 0.9386549964839584 0.1145320266917457 0.12269000703208306
0 0.9660320845610425 0.8015252395500715 0.05767453163466172 0.15029998184962742
0 0.6417881127356629 0.9312328610435351 0.1510425296574951 0.13753427791292977
0 0.515894116195704 0.947330038834828 0.10908052273741298 0.10533992233034403
0 0.5448136591618911 0.7576782281371942 0.13557403855474384 0.18355790944452863
0 0.48065300007436207 0.7932339330558502 0.11586903361182799 0.1600113251355733
0 0.5040029753597828 0.6762100595192834 0.1048386917107738 0.11933178298109545
0 0.6091242154739509 0.6299577491162373 0.1197288626613009 0.13972609621281204
0 0.4806106018240669 0.48549415592848727 0.13158687551288217 0.20071813836728974
0 0.472246297983465 0.6252560926967707 0.07757585475263547 0.10198974687674216
0 0.4186557243711995 0.6710271349494443 0.14733920950527093 0.203934041958086
0 0.3849147357399061 0.724724306690613 0.12195720752810449 0.19441359621281204
0 0.35137401836315085 0.8791800025340828 0.12167336463846716 0.14911018657189173
0 0.2583734348650536 0.8778578761688454 0.131175698630856 0.1522897287263696
0 0.30445791459909854 0.7820550176593933 0.15996654349765968 0.20713176483072288
0 0.2613472431542799 0.7591533279642435 0.06188718775644109 0.10033634328594587
0 0.20635333703250042 0.8088215298578376 0.07869268577927473 0.09106133723582169
0 0.39471686418135665 0.5435743006404888 0.11252385771838505 0.1162522347764936
0 0.33678895904816036 0.5979118218159235 0.11060853064607841 0.14592155405833437
0 0.41382500844013803 0.4374606560266831 0.10891869665368965 0.14278746369925469
0 0.30654440764183527 0.3540436471478885 0.10040585969555131 0.12555451190385672
0 0.7007055149031097 0.8648099929679172 0.09202035672980173 0.11144656010845858
0 0.22834640075893411 0.7160027707826513 0.09067803262324477 0.15517837939029935