1 0.4672472344936313 0.49085609806649694 0.24522703266987658 0.3698419746976349
1 0.8699549733259795 0.20241450011931272 0.17501292431665547 0.2034897213558171
0 0.5405479172873423 0.0750771040738148 0.10640416542531543 0.13866360534690847
0 0.2832234148061429 0.11194820603913458 0.1460531703877142 0.2187692760184537
0 0.10099072601657588 0.7015545040181356 0.09997438296032675 0.16826019867918127
0 0.1810742940469252 0.4758010733609078 0.09299663688926821 0.15256247334499945
0 0.478467100914132 0.9044918840706331 0.1045163337461151 0.1651897426798179
3 0.33039131989688536 0.9285640887173614 0.10320639081820956 0.13706474267981755
0 0.28033781596794394 0.9123481953771343 0.08779971463952715 0.1415704293443632
2 0.2054469778786027 0.9091317413669531 0.10974748924663302 0.14338746801399935
3 0.17242261621561292 0.8126016393618624 0.09794100206691461 0.19166133601209046
0 0.37212097911694775 0.41861692405313394 0.10825776385373889 0.1449317866804538
2 0.2734800020714238 0.7574970633752254 0.19729033870851376 0.2459135786919079
0 0.3852180227495882 0.7416004380569519 0.12443072745980874 0.1904079186823628
0 0.7347149468613561 0.9361856847151341 0.13445639081820956 0.1276286305697319