2 0.8868933486429473 0.23795626571125653 0.2262133027141055 0.12661396567298447
1 0.678332085653497 0.19044975723420113 0.2894552559520848 0.19725610545773672
0 0.6419250560683002 0.09297328969918982 0.20572511213660044 0.13573210049533804
1 0.5553426998837845 0.14656486248705008 0.21234645273377595 0.18587764970954973
1 0.1980982824351883 0.1602954528527029 0.2641603250098352 0.16960198635114893
1 0.16279955682460492 0.29025262655018597 0.25803029333095157 0.23784256410140792
1 0.10611750411049932 0.42622220574818703 0.16481588887180565 0.17431941149637406
1 0.27164358716610626 0.610697867244561 0.29407705397461337 0.2410788800648426
2 0.7071047478294384 0.9296212454496313 0.33000384629715873 0.14075750910073737
2 0.895642048904884 0.7246193577295392 0.20871590219023198 0.176322867244561
0 0.9505071884453808 0.6446814547102205 0.09898562310923822 0.1074572431755744
0 0.9766763865260171 0.6008972214594435 0.04664722694796595 0.08198205417661057
0 0.9445437246513535 0.8206788744787621 0.110912550697293 0.1101455955329392
0 0.5676116510280766 0.633827267987568 0.3801238146182751 0.2466439834556647