1 0.5781645413991531 0.48971218881113404 0.3852319366867496 0.25701439751977784
2 0.3194379724038599 0.20882442863866446 0.25549779788867955 0.15511816556640987
3 0.09256578084584628 0.2542157485501075 0.1420080422066367 0.1792875261445091
0 0.49798966639750547 0.2426936336223307 0.16241027110331832 0.09657011452679143
0 0.445326542209932 0.3466581605920324 0.1592852711033183 0.09633331618646537
0 0.6932146172910099 0.3521431790628717 0.14223413879807012 0.10284342531467221
2 0.7733120312561786 0.9350079590326047 0.33090690097293474 0.12998408193479066
0 0.4304836030908457 0.9663623962703781 0.11375458279171564 0.0672752074592438
0 0.21991429586667524 0.9358470246946166 0.15903980925276534 0.08227081618646537
0 0.841726840508944 0.8969139952493371 0.10605117694751698 0.08605774440092269
1 0.917447409500942 0.6820478570768362 0.1472410129856435 0.2108927236549981
1 0.8606730783307841 0.48373948902555985 0.24756829545304768 0.23722027054543174