1 0.34375 0.72578125 0.18828125 0.19140625
1 0.240625 0.54453125 0.1390625 0.32734375
2 0.0953125 0.41953125 0.15625 0.40859375
1 0.8640625 0.30078125 0.13671875 0.30859375
1 0.88671875 0.725 0.1421875 0.209375
0 0.2171875 0.81640625 0.08984375 0.125
3 0.703125 0.753125 0.0921875 0.171875
0 0.4453125 0.6171875 0.08203125 0.14765625
1 0.75234375 0.95390625 0.159375 0.0921875
2 0.9125 0.51796875 0.12109375 0.2859375
2 0.57421875 0.48203125 0.19140625 0.29765625
2 0.81796875 0.60234375 0.09453125 0.29609375