3 0.8926307608762795 0.4158727357509049 0.16173967875566858 0.2094236668924562
0 0.768544458612497 0.797268820667471 0.08080892619541977 0.13041119629109837
0 0.32900017135727094 0.33853239201636975 0.08971348933548198 0.14957063206674714
0 0.5030207712584489 0.24342901119281812 0.12545356826055976 0.1748096494796016
0 0.56573287386105 0.21615386024287844 0.08695251038216938 0.15565685775648763
1 0.2348916685146735 0.11104812188998178 0.13021666297065299 0.20309842378986112
0 0.17876932707070067 0.8055417503386841 0.11442506299888788 0.17267393939369322
0 0.898233831697088 0.17167235639769124 0.10350297355046649 0.14562011646291487
1 0.6613715975526907 0.22900242028335818 0.212527905007558 0.27906778154634876
0 0.34007157714128783 0.888440538782438 0.11846011561560629 0.188462713703953
0 0.037234117460428075 0.8119478013340526 0.07446823492085615 0.12596935775648754