3 0.9724627499967047 0.9974554195922642 0.05507450000659055 0.005089160815471417
2 0.6543999115196509 0.9457267724021546 0.2213488944801128 0.06706848202865068
0 0.8611799711794532 0.8491047766633238 0.14818412986961613 0.08012898801910033
0 0.7426736586802771 0.7247272808396751 0.17329322402541755 0.08725200725639422
0 0.8899682552750058 0.17239843292392612 0.10586026217486477 0.07084326805616734
2 0.9330421452908919 0.2246529028868592 0.11780688311602745 0.1290377139724833
0 0.10322142085514177 0.7695436628840243 0.1471398271096728 0.10976192431676957
3 0.09782698863261899 0.5499578491816933 0.17999896590774284 0.2030406983633867
0 0.11307806736714485 0.4396205499073328 0.14325116801906326 0.06590279691210785
1 0.2543655405817836 0.3930233468194406 0.3725489301939279 0.1410565974524129
0 0.15041660592362888 0.25275795616793506 0.13433981818121907 0.09213791469812271
2 0.014060320209813928 0.179288195916316 0.02490236282348774 0.174201391832632
2 0.5101364793004235 0.24033488955519727 0.23320578652459392 0.20958336424263582
2 0.6309984042193456 0.23128232648583863 0.09165348620028232 0.15154763103285881
1 0.7894184249156269 0.4952506011654279 0.14992963636243814 0.18012898801910032