3 0.3149151889884047 0.6192424864323327 0.2236080564382032 0.2809578301668676
1 0.4847857066340514 0.1745773603584794 0.24351873735195273 0.317796088873295
1 0.7997003116130733 0.18772303115189365 0.2478528850722231 0.3754460623037873
3 0.6669003896223934 0.1424824522282213 0.15218334233097455 0.2849649044564426
1 0.3836246871143049 0.8934402250123721 0.20005031203728052 0.17545145861557004
0 0.22354021470870658 0.859809932723431 0.16683599295103013 0.2095055540475858
3 0.5230693858741938 0.6962642526019918 0.21290735477852926 0.2835096200809595
3 0.6863963348345754 0.7795260526928488 0.16091972490439801 0.33681168249628846
1 0.8202511165781619 0.7382725316619497 0.20151956888575775 0.25645579715018096
0 0.12482575310027769 0.46812812302163553 0.06818316016782515 0.07827548620519006
1 0.06063965684383286 0.29471163444159626 0.12127931368766572 0.17571040818602893