1 0.14427499804314597 0.34343812865180035 0.15720543274067406 0.35848643019392784
1 0.2637587084944293 0.25892853530677784 0.18969893940863383 0.39337962743398436
1 0.6038718492704905 0.7555713047852433 0.20806656001163795 0.31256600405718976
1 0.582205432740674 0.36590483278842034 0.24228232122152563 0.2538728425309483
2 0.5507011148531282 0.13287414447681764 0.21702722970625654 0.25031146590774284
1 0.822479746376156 0.34669473132572304 0.29106999183422816 0.4310353603878558
3 0.4000767827600707 0.8762691067360555 0.11871727546389117 0.24746178652788905
1 0.9788092368332583 0.9085678453703221 0.042381526333483424 0.1828643092593559
0 0.4541764144037847 0.2692735202892441 0.14955294515850964 0.1882830243497292
0 0.8447049169888585 0.5233935990204748 0.09043329454968649 0.11391822402541756
0 0.9102021133553162 0.5994299935005877 0.09017820303441759 0.11079322402541755
0 0.28866246895541087 0.4302132000794302 0.09043329454968659 0.1139182240254176