3 0.5462990915158099 0.785181513014687 0.30251254922121246 0.20065984232430586
0 0.33150681730091514 0.7347496743931942 0.1972052721033238 0.12325958130638899
0 0.22076319708437087 0.6233420085493748 0.230836126022532 0.1521483007211808
0 0.11560799881286576 0.454030923727604 0.1476766335443794 0.08463218597979179
0 0.7725266223946223 0.7377570798846869 0.18663148495630538 0.13550500816812522
1 0.05496733016653186 0.580594730148368 0.10993466033306372 0.2388105397032639
1 0.38968697413575254 0.08330084963940962 0.33625105172849495 0.16660169927881924
1 0.09010986563094427 0.38291964314239574 0.18021973126188853 0.1668277433504862
3 0.14791334811322052 0.22921210847312484 0.2626771594086269 0.17318815254479192
3 0.2397431469387216 0.18569653818465257 0.2937907670887589 0.169228004368403
0 0.08513586645562059 0.07921341489388882 0.07530152837152992 0.06577177678548618