1 0.3030302678548617 0.7293839423720878 0.33877547853284734 0.19489903733537287
0 0.5330847098185771 0.9090366659937636 0.19905705547083344 0.09718646590774291
0 0.8355161127446186 0.7396285523594971 0.16264677678548622 0.07624667451188501
0 0.9518229520317018 0.6467943957045195 0.09635409593659645 0.07537392126547413
1 0.8604556824644101 0.43438194481101505 0.2135209053945836 0.18177965421934558
0 0.9561181940057466 0.49277905154871815 0.0877636119885068 0.10328073295387127
2 0.7671576645126391 0.3211200600701348 0.29128222948277804 0.16751833116686257
1 0.9581333292643578 0.3286620044708174 0.08373334147128446 0.09999209172016936
3 0.6939896553945835 0.16608373255342487 0.11039459897381967 0.11281937418757346
2 0.25211127991961824 0.18708339407637112 0.24578789152687514 0.15891489853730273
2 0.10643706363895858 0.27481699350717825 0.2037094943004168 0.1628660129856435
2 0.44315777327010447 0.3697617061718055 0.21730052203583358 0.20995920129724616
0 0.038207967702361866 0.9028249910715462 0.021512630508958373 0.0519170560063543
3 0.08275870791871609 0.9700437187504118 0.10748649810013892 0.05497960064862326