3 0.3234375 0.64140625 0.1359375 0.259375
3 0.87421875 0.26953125 0.0703125 0.2828125
3 0.78359375 0.7234375 0.146875 0.3125
0 0.69609375 0.35 0.0875 0.1453125
2 0.47109375 0.11171875 0.1734375 0.2234375
0 0.09609375 0.925 0.0734375 0.15
1 0.51953125 0.8703125 0.1703125 0.259375
2 0.6578125 0.66796875 0.1703125 0.325
1 0.4171875 0.8734375 0.1015625 0.253125
3 0.496875 0.6640625 0.16875 0.284375
0 0.7765625 0.3171875 0.0734375 0.1390625
0 0.82265625 0.16875 0.0890625 0.1796875
0 0.05390625 0.51640625 0.065625 0.171875