0 0.7763595005314726 0.4419303098033545 0.18031885277546902 0.10247109456891894
0 0.8455670983640259 0.5145480334244081 0.08354201186299796 0.06098227360693613
0 0.1076970948668037 0.06083035516284981 0.12088018577927473 0.0974503946253887
0 0.08831703657757746 0.17816977360693614 0.10821835969555131 0.13100634727034205
0 0.214437820683697 0.34685042612483263 0.19227502471457933 0.12810813140062188
0 0.15485191505620907 0.39559946828879455 0.16969968775644104 0.10964655773721592
0 0.2836454185162502 0.4194681497458862 0.12257001977166349 0.10066639988706054
0 0.3690788997331699 0.33559294966118164 0.14664418973360743 0.11765647881213823
0 0.47161760380123335 0.5184880206231643 0.21389535672980178 0.12313220506402782
0 0.32546284539827636 0.4702262839185183 0.10592634783255317 0.0747563472703419
0 0.2598351868050389 0.5045943076666288 0.2160945266917457 0.13884821032569974
0 0.19250310676698285 0.5162605787839034 0.20719968775644104 0.11183068401734034
0 0.05902210330694173 0.4921188815417962 0.08213602076024666 0.10298776308359248
0 0.04490520657670242 0.5856035710325699 0.0466441897336074 0.1118321420651398
0 0.11751503562617531 0.5695683183311469 0.19479252965749522 0.1516366366622936
0 0.11421096349678464 0.6223747999152953 0.10678851087441492 0.057659852532014
0 0.05786280440925564 0.654945105233437 0.06542868182494202 0.07551521046687384
0 0.3821041176413978 0.5787437101845253 0.1183918557412186 0.11289338410204497
0 0.3063520425462576 0.6133014497317688 0.1540110207602467 0.10717400512049746
0 0.4976482045995361 0.6026200969174063 0.15075868676785795 0.1038669945971538
0 0.5469372332684481 0.7411057442442179 0.13019151878308044 0.09643392619541977
0 0.15816928015178683 0.15184176301300528 0.11743685079830275 0.08945588410204497
0 0.14737097338261637 0.6710699051487323 0.1654923488211364 0.08290204721387226