0 0.17695161474713803 0.41849935568031266 0.17541910703211538 0.0915969101591291
0 0.10492761798634054 0.48653344367959817 0.0813291455887783 0.05546303218308672
0 0.8839768769287556 0.0657371724691493 0.16976988433001133 0.10053486758448216
0 0.8944859754798813 0.18088692506703935 0.160935104872647 0.13258254307885
0 0.9285129171834615 0.30528063768817254 0.09164488433001132 0.09507183540139544
0 0.7313480205149491 0.3478444681458894 0.1865964389258032 0.12037747402109948
0 0.7857060510520475 0.3977080743304052 0.16372014342930985 0.10322282500983526
0 0.6585427737541516 0.4159331864670057 0.11820738433001132 0.096929266343645
0 0.5824191671834615 0.3294818702592468 0.14078329117755645 0.10939641535490922
0 0.46916129627168557 0.5069509424190904 0.20630816162790727 0.11242286238870207
0 0.6141827020394967 0.4649223435240417 0.10244268198597287 0.06938342055068922
0 0.6748605837486144 0.5011222874557414 0.21043445712440043 0.12826638367602552
0 0.7400652791528225 0.5152287101001176 0.20091975478036198 0.10115758045771699
0 0.8994100007751925 0.4924200047684516 0.13609579117755644 0.10906863342392406
0 0.9089771630214084 0.5858586483318342 0.1055466980251019 0.11782092055068923
0 0.8211662823920249 0.5725552550205532 0.21133562307124443 0.14232888367602553
0 0.8085871368032468 0.6232108188825235 0.10446625693983043 0.052414441838012846
0 0.8740025832871889 0.6583017308832381 0.09336807063492074 0.07341535668871887
0 0.55152441086194 0.5688557266958642 0.11245803207825791 0.10430472376899794
0 0.6222083482465838 0.6066892264437627 0.14779475478036197 0.09744271857321785
0 0.4367610040143949 0.5877692536831709 0.14466975478036198 0.0972241972858944
0 0.37835012184385186 0.7225155942803463 0.12551923658176464 0.08966306956195354
0 0.8010759369232183 0.15786432433040518 0.1126187183831675 0.0825389844126597
0 0.772920944638241 0.6700365423994199 0.16045544108527157 0.07655106436617345