0 0.6046776076525114 0.2615509534134054 0.2432010523343699 0.3151181120305441
0 0.9516149788827255 0.22274572879531224 0.09677004223454908 0.15278064934754482
1 0.6284350841161623 0.10646401141785974 0.23812016823232476 0.2010737933640895
2 0.5542798494070678 0.6294646120703149 0.173465405007558 0.27058631468808975
0 0.37796100213672573 0.5243578467138614 0.12968604195220051 0.16233746268299926
0 0.3725656597751197 0.7936436487109979 0.11205892619541977 0.1277806493475449
0 0.4511192391237205 0.3729686167249973 0.1249075366905286 0.16072041868236298
1 0.18037743075121992 0.8718215506842718 0.15911593671876348 0.13145108935390795
2 0.09865366275889148 0.4203948633434086 0.1636353786991988 0.26266472668681723
0 0.7588594755460178 0.81765659742995 0.14327810509226246 0.18123291335136277
0 0.8576987939477518 0.8391054307765404 0.1289425893072469 0.1763817813494537
0 0.4261676578501555 0.051802141390815536 0.14296031570031092 0.09534995735199914