1 0.5614950949777304 0.8035509597280551 0.2068253686106214 0.37311411094166685
1 0.4530906162357723 0.5111835814032982 0.18874375395672888 0.32587543502986127
1 0.1770548179539375 0.7366252181805206 0.17197897783744706 0.2739856267092364
3 0.9554498971047526 0.6554504601093047 0.08910020579049487 0.2855037017473613
3 0.8322215162812008 0.4170990877684716 0.18126544662978256 0.302292464665139
3 0.4314314637039528 0.1032665511024304 0.08161292740790568 0.2065331022048608
0 0.25273989767057936 0.0649145255512152 0.11485479534115868 0.1298290511024304
0 0.8101197077110591 0.14462467572437432 0.07891729534115868 0.13604790919430565
3 0.534112728403274 0.06369425161552063 0.06510045680654794 0.12738850323104126
3 0.6105391095655099 0.11905357223678796 0.13177005766563052 0.23810714447357592
0 0.523844693011738 0.18961574629718708 0.12833079715018095 0.18557643692972228
0 0.0737671229060346 0.9150249347455208 0.05794969810012063 0.12307513050895835