3 0.3446141606858627 0.15938048055098053 0.17214881468808993 0.16673819990914293
0 0.1513817813494538 0.1266111668924562 0.09242495202099903 0.15943695499752558
0 0.45752017079085794 0.9298490315463488 0.1080135893539083 0.1403019369073025
0 0.6011423541135856 0.867713038216611 0.10376244135899881 0.19438516508343398
1 0.856184937460176 0.9543554658516594 0.16715223201781731 0.09128906829668111
2 0.6493445914624031 0.966298865897088 0.09333292401336309 0.067402268205824
2 0.8780095580442253 0.37159711329509615 0.1629567227084528 0.3161649898232347
2 0.6635647026973167 0.260419516619885 0.25828740404199807 0.32272260628614957
0 0.351482873368862 0.27997958559393465 0.10361699069063528 0.1818851650834339
2 0.36769131806967864 0.5322381264125375 0.20681581070972524 0.32783283016686776
2 0.6010090640117722 0.11816341756982474 0.1613749466899989 0.1802274898232347