1 0.1545899823775752 0.5113659014488745 0.24950678299298637 0.23523180289774887
2 0.3084174124661322 0.74590848704319 0.2214983369323898 0.13236761875230768
2 0.41147340271786986 0.8644663247969738 0.24922151784613936 0.1699071915466967
0 0.518798466806521 0.09544262183462664 0.2216400468904336 0.113717748301957
0 0.11716511182749911 0.07903426279992645 0.11169636182749909 0.07868380937615382
0 0.5281538464801594 0.32150447408638005 0.213804236102553 0.1334294710040611
3 0.5601752863169787 0.4362876673311199 0.23887601369695446 0.1770187846991515
0 0.10482124502562254 0.20341369910483595 0.11299875269929238 0.09587130937615385
3 0.9439662553985848 0.46197089681617076 0.11206748920283047 0.10109902991878954
1 0.8749803796736385 0.5948148727574774 0.2500392406527229 0.1916610780361765
1 0.3541988960698853 0.4985013633536369 0.25869160622842174 0.1922828392949434
1 0.3777287166060283 0.36784164867109725 0.3717369805034755 0.24772940777039593