1 0.5159404366247746 0.30859375 0.2587590240292714 0.215625
2 0.35053087591504933 0.62578125 0.3622840133672711 0.25
2 0.6901633512094603 0.9125 0.3348488093570898 0.175
2 0.6883303205760951 0.6671875 0.359486277371089 0.278125
1 0.3073841439767738 0.17109375 0.34524196403563473 0.2625
1 0.17004503926641218 0.49296875 0.22756356802990768 0.2203125
1 0.09370235729631989 0.6359375 0.18740471459263977 0.18125
1 0.08650692795195676 0.784375 0.17301385590391352 0.153125
2 0.19229385128900203 0.3265625 0.28181471602481706 0.1828125
3 0.06459665996977412 0.51875 0.12919331993954825 0.146875
0 0.6092653646562732 0.0765625 0.1747283746817267 0.1109375
3 0.8658484352721392 0.45078125 0.2600488040260898 0.1921875
0 0.9320257765754587 0.671875 0.09033519334818081 0.109375
0 0.8763190272120056 0.89375 0.11022952267663584 0.0734375