3 0.44140625 0.2625 0.090625 0.26328125
3 0.6109375 0.3546875 0.1359375 0.20234375
3 0.7453125 0.1421875 0.134375 0.1515625
3 0.240625 0.35546875 0.07890625 0.35390625
0 0.52578125 0.19375 0.0671875 0.10859375
0 0.28984375 0.05390625 0.0828125 0.1078125
0 0.76640625 0.3421875 0.071875 0.13203125
0 0.87421875 0.684375 0.05859375 0.14140625
0 0.91875 0.609375 0.05078125 0.121875
0 0.525 0.91953125 0.10546875 0.1609375
3 0.44609375 0.85703125 0.06640625 0.2625
2 0.42890625 0.67109375 0.1734375 0.271875