3 0.7795494979710468 0.22693165624464515 0.262446550684272 0.13424218100470675
1 0.8561103559436845 0.42987146996163733 0.27500109468490813 0.13914786931630943
1 0.6576728559436844 0.4264077305149442 0.17507382001908986 0.14365236282348773
1 0.6248036225732315 0.6993270332748877 0.3510010680299079 0.22639449918592583
3 0.25367296256368654 0.763175704543657 0.24297039202736234 0.20576262499835246
0 0.14108479260822998 0.4330188258918568 0.17171246268299925 0.1232853157455871
0 0.31978195727245734 0.45411039610167075 0.19053518801718106 0.12986259821299112
0 0.44663645329409274 0.2969172792176979 0.3430612986950896 0.2153206314911741
0 0.050862518658500375 0.1587125267853612 0.10172503731700075 0.07680005357072242
0 0.003923336648637193 0.2946267073863262 0.007846673297274386 0.05800341477265238
1 0.046922975891186824 0.8025443474022123 0.06422722668681727 0.14952844155801373