1 0.28897904197168317 0.2068983980316513 0.3920987827020893 0.2632009994108248
0 0.6554671079726375 0.19773545882748095 0.17451019867918127 0.09319652985783752
0 0.686254578652137 0.1030314920049682 0.24097154002227175 0.16545332493918155
0 0.5095289939926821 0.05093824776050482 0.14158861067790857 0.08363063231716561
0 0.8281837085853219 0.5943599530719442 0.1681329293443632 0.08222266842151918
3 0.8332610125716406 0.6951048416356259 0.28375902402927133 0.2172612646343312
2 0.7965769832113693 0.8937423295353775 0.2726760733609078 0.20469763212077402
2 0.5105036705522326 0.8399416604264873 0.22402039735836254 0.18566583098930564
2 0.3377570612269595 0.7815756902843249 0.2869385680299077 0.22196694535249045
1 0.8022126492680031 0.4765502843558377 0.3011101560311804 0.23142375858420688
0 0.15499165658818542 0.5771841478352595 0.16862382535009016 0.12441016842151917
0 0.9380608846276381 0.28202305865453037 0.11900563335454421 0.15693177693097127
2 0.8453830359643654 0.25756393501976754 0.22396585335772617 0.18097833098930574