0 0.17604932406062793 0.24827524710021498 0.11683599295103005 0.20925844606059654
1 0.4015364213659799 0.1655731813379568 0.16880215726804018 0.2799979211654873
1 0.5976059379627194 0.21185987594866088 0.21203193901162667 0.3174512995897259
0 0.4405286503963409 0.791616385696923 0.1047611228251613 0.15241645020978148
0 0.381803000601478 0.8822404630815432 0.10592180373891083 0.18823555103961845
0 0.3242963086900663 0.9717894297762071 0.08283765601864027 0.05642114044758593
0 0.678471893972071 0.5134242211794204 0.09524441286711749 0.17033765601864026
0 0.5630021045548146 0.4300295354917861 0.10371884108157463 0.1181598493799445
0 0.5340268448065523 0.31468795540787353 0.0978240385920639 0.12237375269929238
0 0.30700332613522036 0.26212702739390903 0.08553752614450919 0.14474566016782514
1 0.8320364470862819 0.4362724931747447 0.1901103174358653 0.3561819128671175
0 0.7473347574499553 0.8282222722190389 0.08264932448483524 0.14763386182749905
1 0.5066659037203333 0.6135515078973844 0.23925636722608382 0.2666942829929864