0 0.992119149295265 0.80191977837853 0.015761701409470065 0.10097600180902226
0 0.46035995863916196 0.9194504421072267 0.13493157981717357 0.1610991157855466
2 0.2978213014860141 0.6047914778374471 0.25485028163641915 0.2845675090451117
0 0.17368609635699964 0.767403263228983 0.07315501778268026 0.13164614767057933
2 0.18518198283649223 0.12738577283992147 0.10520553846084475 0.15047139077317437
3 0.5333755419755015 0.3077371726582073 0.22611315963434714 0.37034787878738673
2 0.6472389888323482 0.3261739914051144 0.1539042117440431 0.25901423111680744
1 0.7693728922659517 0.1205934560135784 0.1387457845319034 0.16781602103089915
2 0.662973034946188 0.0448764037750148 0.10094606989237605 0.025553277928304106
2 0.6702527655063687 0.5190984758012821 0.18071496071058563 0.1653394742194024
3 0.8124509199734294 0.4096493119610437 0.18915250702931335 0.27956574852966193
0 0.7474423500810532 0.38597943860072387 0.07075345574818712 0.08008364767057934
3 0.8757577870131026 0.24618767751944742 0.10262850206691461 0.1955382293077851