0 0.14138972410786083 0.47734375 0.10670810266810493 0.1578125
0 0.22780966022219382 0.24453125 0.11286957146044045 0.1859375
3 0.4177431049314125 0.6453125 0.12215604025277607 0.2140625
0 0.4760579732033497 0.5015625 0.11698386137453234 0.175
0 0.36936755992893805 0.5546875 0.0748096494796016 0.115625
2 0.7337731394184372 0.8015625 0.22376720714523213 0.3640625
0 0.9498108972203536 0.80859375 0.0225854081860291 0.1328125
0 0.9019487658309749 0.43984375 0.07751192559888338 0.1671875
0 0.7830371500454285 0.08515625 0.12455069990914289 0.1703125
0 0.7307996206467864 0.00859375 0.08840075870642713 0.0171875
0 0.4251737403890615 0.04140625 0.10105124491161739 0.0796875
3 0.23224925599289384 0.05546875 0.14957063206674712 0.08125
2 0.41859843453245327 0.24140625 0.1843904466297826 0.2984375
0 0.6063231688170795 0.878125 0.11426829715018094 0.1828125