0 0.5035114335271323 0.21043142242853982 0.10965200956072393 0.17557269262201594
0 0.5706500663159841 0.14829906109041724 0.06301923658176456 0.08158634328594587
0 0.16860282618124994 0.8626221989667278 0.11343834361388008 0.16153746369925487
0 0.28529897284976236 0.890860307574376 0.14554993676633482 0.15079086123992697
0 0.4114597570874886 0.944834214386626 0.10208173658176474 0.08181360226293606
0 0.4480819702288687 0.7601774132551576 0.13711567550756792 0.1897897287263694
0 0.5005747169896662 0.8231768621236896 0.11686373226282817 0.1662431444174139
0 0.5151705382428958 0.6972638019170351 0.10624760487264702 0.12244769262201594
0 0.4256691448135859 0.6055626361277946 0.1217119185677376 0.14440450585373235
0 0.6006808343576979 0.5193564496540988 0.13050473010335964 0.20849427693097128
0 0.5628174938261369 0.6602541604264873 0.0785836798265045 0.10510565651766228
0 0.6015981940107069 0.7288041725267357 0.14789248920265835 0.21171927088084708
0 0.6176225146456277 0.7959234948336386 0.12249197100406092 0.2053238251355733
0 0.59954074798819 0.9406138261175319 0.11658432757475108 0.11313632513557295
0 0.6921986173588065 0.9596132901113743 0.12189358883351815 0.07411927693097127
0 0.677386343300113 0.8870161274453917 0.16215524830195704 0.21492608411256375
0 0.7279673342008144 0.8835956907753042 0.0629586798265045 0.10501475292686635
0 0.7659667843853846 0.9521502480550923 0.08060725478036197 0.08793633723582168
0 0.6661136721114819 0.6135422660090732 0.11522208667404979 0.11625223477649378
0 0.7063264643687726 0.6922439829297818 0.11283756631598418 0.15216246369925485
0 0.6822917797619061 0.500124660622879 0.11107480721668547 0.14902837334017516
0 0.8167576148947964 0.46417300420341245 0.10196062307124443 0.12867042154477706
0 0.2590788294204524 0.7987909822424107 0.09324695712440043 0.11456246974937905
0 0.7753336875323018 0.8544030944642962 0.09000084361388012 0.1614011083130606