1 0.803125 0.79609375 0.1265625 0.27734375
0 0.0921875 0.49453125 0.06640625 0.1578125
3 0.2265625 0.7375 0.11171875 0.2078125
3 0.76484375 0.575 0.1140625 0.29453125
3 0.2125 0.23203125 0.0796875 0.196875
1 0.13359375 0.734375 0.09453125 0.2984375
3 0.50703125 0.065625 0.2359375 0.13125
0 0.1703125 0.3703125 0.08359375 0.13984375
0 0.828125 0.0515625 0.06875 0.103125
2 0.43359375 0.65234375 0.20859375 0.20625
0 0.58046875 0.74140625 0.05859375 0.11875
2 0.6015625 0.31328125 0.16171875 0.26953125
2 0.26796875 0.1140625 0.1453125 0.22734375