0 0.19537837389194568 0.6348677788337483 0.17953025805851838 0.09250105172849495
0 0.12098325810500113 0.5856012162181937 0.08433533524981471 0.05544366943775678
0 0.8786714531094922 0.7965538411200985 0.10650286116879641 0.09505173871722902
0 0.8913361313848162 0.6785168949601645 0.10468608294074037 0.12772784639736087
0 0.9287369695093529 0.5449542372008903 0.05011616013203692 0.09185253087881229
0 0.7541081163990752 0.5547109850893193 0.19421747464666658 0.11786476458147632
0 0.8073691089062047 0.4892618298373275 0.16941296427907382 0.10155780298213628
0 0.6789317506121307 0.5054671545270759 0.12525286116879605 0.09559730799670092
0 0.6047923301125012 0.6136039149519172 0.1480847684261109 0.1071713054894186
0 0.48673398015976943 0.46664164990822243 0.2138464694628702 0.11064329796757129
0 0.6338434260127324 0.4685952918323791 0.10730394354388864 0.06858016693047428
0 0.6938233102257879 0.4154188160472739 0.2169126808672221 0.12787626207419395
0 0.7589206299242137 0.38391275178236667 0.20833876324231468 0.10113190564770322
0 0.9072309908101859 0.3632328757598346 0.11656136635259244 0.10313702335696498
0 0.9179818545708802 0.26707092959990064 0.0956432736099071 0.11343802586424748
0 0.839124831243797 0.3044321887711006 0.21970549019805513 0.14198422618081655
0 0.8245442128649543 0.2573215080505728 0.107362732139537 0.051438131037096914
0 0.8900611975963895 0.20320465789228823 0.09663984561740761 0.07138691818411554
0 0.56741663510801 0.3816923368969564 0.11982306738935158 0.10479045157021041
0 0.6379628724313433 0.3235328444188038 0.15507706220555537 0.098023626022532
0 0.4526022794058341 0.39360496668041217 0.15337786116879606 0.09641566191590929
0 0.3905403597546765 0.27462529763836685 0.1326552580585183 0.09113712852981451
0 0.8272155513187978 0.7255797630651377 0.1164834539114814 0.0844324874635877
0 0.7881179887839357 0.21941834276945116 0.16538984561740727 0.07338733887551348