1 0.22030595794803404 0.6130607201305132 0.21515274509426519 0.38703009378086717
3 0.06993717931630303 0.3414906056037218 0.10065521049385406 0.21479805103961844
3 0.36297893619920424 0.7273152421258375 0.16003021049385407 0.21929721950581324
0 0.34436288186431063 0.5879800549883106 0.12725220258518863 0.17942923610255282
0 0.44034790802458373 0.8671841481444778 0.12744320357377176 0.18411673610255264
3 0.6651768116749053 0.9256271313356347 0.1401342045623551 0.1487457373287306
0 0.8491008255150696 0.8942392811421085 0.08870435574121842 0.11264355518880328
2 0.4905123230807928 0.48228892988806427 0.2363220909496521 0.4478258838228234
3 0.658471733194086 0.12982954856404066 0.16121602570316257 0.13371491701630242
0 0.3987465647150169 0.11876903631697866 0.0850991946765233 0.1388508576783142
2 0.5511792035365908 0.26275860250344407 0.2493420612921568 0.3086216738647797