0 0.7891119736180249 0.4778548025541415 0.18344997091226495 0.08642949069063519
0 0.8556300517973746 0.542643461211051 0.08545901000193937 0.05250792934436319
0 0.10315746666020112 0.17051139998409165 0.17783769970043756 0.09416926535645347
0 0.35235972545419275 0.0078023146483190255 0.16715554909161448 0.015604629296638051
0 0.07897040969267892 0.29110571065404606 0.15794081938535784 0.13007040268936265
0 0.03424011120503849 0.42285569732654577 0.06848022241007698 0.09489542401336308
0 0.21919795740716747 0.450924511298547 0.196555748792052 0.11311926002545332
0 0.15523131013232422 0.507865401973274 0.17340529121570664 0.09723972135581711
0 0.2856522627076997 0.5164944199554566 0.12627519970043757 0.09356928134945389
0 0.3785888039234064 0.42019103727722984 0.14904302000387926 0.10476132001909004
0 0.4705536790683384 0.5939547065961397 0.2176654742462448 0.10399879869508961
0 0.32473086709984644 0.5636506832829569 0.10848192182065049 0.06682496801399936
0 0.25566213164371393 0.6066017992918655 0.21906847758022466 0.12118629869508961
0 0.18538158255209952 0.6261517779678651 0.2106501997004376 0.0945510733609078
0 0.0456642178681491 0.6163875213240004 0.0913284357362982 0.10472495735199913
0 0.026276618017930308 0.7142255846594548 0.052553236035860616 0.11529883068109026
0 0.10131642771545839 0.6928040233131828 0.20263285543091678 0.13526698002863496
0 0.09690940072950938 0.74425743531191 0.11007637272903606 0.04811133068109026
0 0.036058347410076984 0.787263095321455 0.07211669482015397 0.07138519867918128
0 0.3749065970959671 0.6660938832750027 0.1192279742462448 0.10285337468172653
0 0.29464527012456554 0.7122972686187294 0.15583515394280312 0.09235222668681722
0 0.49270000391370805 0.6764308519255489 0.15271015394280313 0.0923158640197265
0 0.5323847729995035 0.8117774585853219 0.13344997091226496 0.08584768801718105
0 0.17629233559621532 0.25941881130650124 0.11744233363936134 0.08097837468172653
0 0.1274580280004733 0.7907324459739102 0.16798446757828503 0.06907835868872639