1 0.80078125 0.878125 0.12109375 0.24375
1 0.065625 0.33515625 0.1171875 0.30546875
0 0.53125 0.41640625 0.0453125 0.08125
2 0.2015625 0.253125 0.16875 0.18984375
3 0.34765625 0.05859375 0.10234375 0.1171875
0 0.16953125 0.05546875 0.07890625 0.1046875
0 0.40546875 0.3296875 0.15546875 0.2078125
2 0.4203125 0.703125 0.11953125 0.27109375
3 0.49453125 0.5109375 0.11953125 0.18984375
3 0.1125 0.76015625 0.05 0.184375
0 0.72421875 0.82578125 0.05234375 0.13125
0 0.66640625 0.6328125 0.09453125 0.14140625