3 0.6006501502636812 0.7702108867940215 0.29927787385944454 0.2563243553340723
3 0.21347680537392422 0.7258975732558145 0.33808449430041676 0.1808027236249547
3 0.14742769918191007 0.4018302151439649 0.2630130655388196 0.2399588756921379
1 0.3308337323325695 0.10388977020118209 0.361667464665139 0.18855466686969452
1 0.78296384925816 0.35830807140088794 0.32772887575930587 0.2051018167774094
0 0.41336508975885466 0.5998519147102261 0.20766964247680558 0.1412419710040611
0 0.45395176253652814 0.5002617273255826 0.2045446424768056 0.14104171190476258
0 0.6120175292540282 0.45422494138981334 0.2006559230620141 0.10802895280546387
0 0.8705157878034029 0.23208433528054856 0.14578658510611114 0.0967119185677375
0 0.014032011302257197 0.30123183297342193 0.01628092306201397 0.09621366594684391
2 0.7768632388851741 0.5654196645533427 0.32471297853284753 0.2095890576781109