0 0.8200368052267212 0.8998483955430219 0.11389266693047446 0.10802387357870132
0 0.35936138117011096 0.810470708259561 0.18823944906292792 0.14355112087727812
0 0.3099059166012698 0.4998209055722554 0.1907279515702104 0.12185813140062188
0 0.19481944035394627 0.24680856861349554 0.2112223079967011 0.1292911998023559
0 0.41958977131190095 0.16118406882525707 0.15997805674305976 0.13722552616718492
2 0.5022358205996204 0.43012451364828974 0.2397685083132703 0.2526222839891055
2 0.4190860029695009 0.3125190556710774 0.2275292695960413 0.15363875241907438
1 0.08804059144930294 0.7622809211455095 0.1760811828986059 0.2254381577089811
3 0.8107624082879997 0.7093066955289045 0.22839308762187222 0.18332625241907435
2 0.7544839453685113 0.25788767967330173 0.29834187476889085 0.1749214891943076
3 0.0961355509370721 0.36127215799132983 0.1922711018741442 0.21459166297065302
0 0.08789950211157105 0.16880393693052498 0.07179609514371962 0.10869173151356133
3 0.708161560174779 0.48286456384593385 0.20591033386094856 0.21477367349399668
3 0.8138649570469937 0.20061423499144332 0.2968703029821363 0.17795548393263577