1 0.7477430158342127 0.12933323919994716 0.38202912441111075 0.20239807710948762
2 0.42193237153638863 0.12462058699531935 0.21933363477870332 0.2113380425090765
3 0.9029396020739112 0.9325080356075848 0.19412079585217762 0.13498392878483045
0 0.17584464081097137 0.4438839456651065 0.29646206277120324 0.25651789133021297
0 0.19239857082972162 0.33946570110231394 0.217459485014259 0.13652904349765968
0 0.17476661371421148 0.7785799392393159 0.19238157257314797 0.11682403855474384
0 0.36778459038712824 0.7514138972617119 0.1845102839774997 0.1336295365775774
0 0.9497531581057868 0.5855062792375657 0.10049368378842657 0.14798119665368964
1 0.9215737962066892 0.7440071873365115 0.15685240758662147 0.24070720752810465
3 0.761583817060045 0.7324290642950875 0.3173992793593513 0.28228189528454556
0 0.9448715855326387 0.3536660302261489 0.11025682893472251 0.1210366946765232
0 0.5781030420360181 0.23685528463759215 0.2195687891612959 0.14284271049385405