0 0.2365077309658646 0.6514360859055985 0.1755363311856974 0.10442469209011432
0 0.15419467983439644 0.5972624021133575 0.08156816256778661 0.06036905347041035
0 0.947476005460949 0.8590714394153498 0.10504798907810198 0.1060857450563212
0 0.9470805748409855 0.7403214394153497 0.10583885031802893 0.1404607450563214
0 0.9709629815550397 0.6068587293921066 0.058074036889920674 0.09801116510280768
0 0.7891509419346449 0.6073018537618526 0.18819995764913067 0.1334237772394083
0 0.8348583516737612 0.5441187927498738 0.16465337334017524 0.11303486758448215
0 0.7068333456236369 0.5523469199696116 0.12086701190385654 0.10372556956195353
0 0.6457418304001304 0.6558436245449731 0.1428238251355733 0.11931771857321785
0 0.5073964270057261 0.5009161879027404 0.20690450585373235 0.12692240496334897
0 0.6566197221852659 0.5121318293724361 0.10509656615858276 0.07763296312533612
0 0.710212354797019 0.46199507157876596 0.21169199980360814 0.14443768689433423
0 0.7717402072563471 0.43349836700340455 0.2037249636992547 0.11732888367602552
0 0.9278583970496926 0.421768181369578 0.1271806444174139 0.11510011213660061
0 0.9265135447867564 0.3248385510477471 0.10692268657189175 0.12305472376899802
0 0.8423703489432868 0.35878222629001344 0.21176472267624513 0.15693768689433424
0 0.8225618429913583 0.30976021824424177 0.10498748184962743 0.05888296312533629
0 0.8808419756031114 0.2599512423815568 0.0926147468767418 0.07988387797604232
0 0.5787669120768073 0.41922342751118025 0.11468064441741407 0.11422602698730663
0 0.6424930687908614 0.3658906139013114 0.15057269262201595 0.10892652179152655
0 0.46321918012898405 0.42441938988021183 0.14743860226293623 0.1071455005042031
0 0.3859612676593933 0.29953436834078684 0.1286522408266178 0.09958437278026225
0 0.8862400862538632 0.7851151333470494 0.11455337939029916 0.09235102698730664
0 0.7801561743734474 0.26931018086537495 0.16293633723582168 0.08636310694082043