0 0.86015625 0.86171875 0.05234375 0.1671875
1 0.7515625 0.81953125 0.17265625 0.290625
3 0.53515625 0.87421875 0.0796875 0.2515625
0 0.35546875 0.46640625 0.05078125 0.0984375
1 0.29765625 0.18515625 0.12421875 0.25625
1 0.12734375 0.0765625 0.1453125 0.153125
1 0.2921875 0.03984375 0.18125 0.0796875
3 0.434375 0.14140625 0.1390625 0.1984375
0 0.65703125 0.15078125 0.0921875 0.15625
2 0.246875 0.440625 0.15625 0.23046875
0 0.08203125 0.953125 0.05234375 0.08671875
0 0.11875 0.96875 0.05859375 0.0625