0 0.16851802140354222 0.5266520472138723 0.12125902402927143 0.22254139988706037
0 0.2413128207749496 0.8111705313582697 0.08281359468490823 0.13910727360693614
0 0.08529644139876971 0.4866725183452643 0.09736699069063526 0.18211382096198286
0 0.3499258467934033 0.9422847524896616 0.08279541335136278 0.11543049502067682
1 0.5615355087921305 0.9382335602974647 0.1408260893539081 0.12353287940507052
0 0.7806127727959487 0.9845082272849588 0.08184998400699968 0.030983545430082415
0 0.6289213614337681 0.775972838883724 0.10021927068745348 0.1588583314853267
0 0.38791871801399935 0.12564880226378264 0.10997607869190791 0.19221686305535757
0 0.26032952001113585 0.09713812343752695 0.12025905068427196 0.13660389988706054
0 0.556740896005727 0.07458537315517827 0.09785679201145392 0.09001732622365466
0 0.7322312446689999 0.05982346509326129 0.09258748933799979 0.0397443104386391
0 0.7132550726845901 0.17348414669152726 0.10421588001272664 0.099756347270342
0 0.6475204373408634 0.09314492833214552 0.1137908746817267 0.11748987884037314
0 0.6292442466979531 0.26696185993041144 0.1715499253659985 0.25045356826055976
3 0.5242482113701347 0.3014440047675616 0.12403967337681614 0.3273199051487324