3 0.8076083452867332 0.7823725702561111 0.30818386760421673 0.18006401550266665
1 0.8319623354380825 0.4345266044569781 0.2959040434976597 0.2229949681476203
0 0.6901767420541536 0.4740378835373476 0.10936968281352506 0.08275085779368574
0 0.7214705044114432 0.4171277308782768 0.11724584980971961 0.08476838410204497
0 0.7726324619023668 0.622148430821807 0.17518568380210836 0.09126057878390341
0 0.23353410570403757 0.3033503260824803 0.14349001482874763 0.0785029735504664
3 0.19595850984865068 0.3606777076948637 0.3511353715585494 0.20127115756780684
0 0.05271648171121127 0.20405743942018656 0.10543296342242255 0.061239878840373144
0 0.026237553346310373 0.3237406078642729 0.052475106692620746 0.07873121572854576
0 0.25356412692139474 0.5997471839467533 0.18545202174882985 0.11368161035393456
0 0.01899809112243575 0.7549829025884837 0.0379961822448715 0.07442314732681173
1 0.8781489969598884 0.8577435675546881 0.18334569368794007 0.13849959983059074