0 0.2481380169541108 0.44830918061464214 0.15796235731976357 0.08293953000581897
0 0.1843880401134746 0.49991973591517436 0.07242296360606985 0.05105205909355419
0 0.8844221575674325 0.2403031700329743 0.15512845574818712 0.08893443849054991
0 0.6700406722497411 0.0655908571463984 0.14945634449948209 0.03399184697528086
0 0.9161044971045158 0.35222908518566504 0.16779100579096848 0.1265300333397989
0 0.9520281115582913 0.4738488647324421 0.09594377688341744 0.09186824879205205
0 0.7616183200972639 0.47777173487640423 0.1700642510334575 0.10883235030926067
0 0.817217656738863 0.5352332906359785 0.15058650496239884 0.09167680121764636
0 0.6986859805601806 0.5302273130557538 0.10676373035529281 0.08654302000387944
0 0.6211367152586997 0.4359514124469307 0.12758565260503385 0.09913861485312832
0 0.5275601513621796 0.5824122110795031 0.18830482878371627 0.09942539940087514
0 0.6607707576484858 0.5683811462360732 0.0932448858558109 0.06364765394280311
0 0.7204390101296851 0.612944089268551 0.1905950748547749 0.11517794515850958
0 0.7822861927185084 0.6374496238162978 0.18481595574818713 0.09135780788560624
0 0.9353275899491134 0.6463617224585686 0.1293448201017732 0.09990388939893542
0 0.9493472983856421 0.7357111359442694 0.10130540322871581 0.11058629788366652
0 0.8617232896991898 0.7054181159403901 0.1896147717116218 0.12755039940087515
0 0.8537138906088126 0.7506828185157656 0.09549659057054072 0.0451527454580722
0 0.918069643090012 0.7956283988211471 0.0825257096771285 0.06744233363936125
0 0.6087780721641785 0.6551957489612299 0.10095037799792798 0.09540783697334128
0 0.6787117365560367 0.7029314894183322 0.1348887303552928 0.08883884364130097
0 0.502819170592602 0.6527726374420816 0.13325345574818695 0.08714879788366652
0 0.4576779526433059 0.769721150318959 0.11428513192686936 0.08093074879205205
0 0.8138421379227255 0.3123697465453339 0.10156680810555194 0.07522288273097573
0 0.8235747803935649 0.7886931304842577 0.14785961124870503 0.06654925546001174