1 0.6416715072100466 0.12225695089048678 0.22282907313879577 0.24451390178097357
1 0.5421269433075476 0.6602266389606919 0.2732186353443513 0.3659675641014079
1 0.0800898125116207 0.4646553513239075 0.1601796250232414 0.26886993217453853
1 0.1950196230434739 0.8569048556671337 0.2204272430727774 0.22501292431665557
3 0.2140504614508346 0.6482747183635809 0.24818038765342534 0.2932192688161376
1 0.44554801187467774 0.9370481581911143 0.2129483508012036 0.08616874813797323
0 0.535313140903937 0.8892955548002922 0.15048659849212936 0.1548416654253156
1 0.3980192520262503 0.14034240198586131 0.2195864959474994 0.28068480397172263
3 0.5758060420825009 0.43535291749673927 0.24259476899175886 0.26494871960192584
1 0.3698705259654642 0.6192314195636539 0.24360904778546216 0.38326207195929085
2 0.6480939793112976 0.6762989410703877 0.23605082601351784 0.35023124813797324