0 0.59921875 0.90625 0.10625 0.15546875
0 0.27109375 0.84453125 0.0765625 0.13515625
0 0.13984375 0.4671875 0.04609375 0.10859375
1 0.4265625 0.4640625 0.2125 0.29609375
3 0.60625 0.66484375 0.14140625 0.234375
3 0.78828125 0.36484375 0.128125 0.10546875
3 0.73125 0.18984375 0.153125 0.13125
1 0.60390625 0.09296875 0.21640625 0.18515625
0 0.346875 0.875 0.08359375 0.16953125
0 0.42265625 0.81171875 0.071875 0.171875
0 0.72734375 0.86328125 0.059375 0.1359375
0 0.10703125 0.303125 0.0484375 0.13828125