1 0.6337378891981862 0.5956796915104263 0.22813053569227862 0.3248852912913563
1 0.49477047758046844 0.5631487661957542 0.15528318631233412 0.2246000261445092
1 0.5537016499953556 0.23131934835425919 0.19240652324472407 0.3454812112074436
2 0.7901262473007076 0.1494460767831422 0.14043851369695445 0.17220873195336797
1 0.1387741284010167 0.9089736422214394 0.18115860207923684 0.1820527155571213
0 0.2562622394033232 0.6621503381817897 0.10080732863402009 0.1412421518694554
0 0.03696120673429775 0.7691895531142109 0.0739224134685955 0.1619331601678251
0 0.11477347903036099 0.6317855641118729 0.06951070705825871 0.17926237012586874
0 0.17698578464337156 0.17370129958972588 0.04654495850815117 0.08120337842423861
2 0.3462872786200869 0.4591805487645333 0.1670961020792369 0.1959781186759763
0 0.9475961277995386 0.1244488446292816 0.06662066016782511 0.07961756763635792
3 0.2148299107693031 0.7941573547785292 0.09839272365499825 0.15038035352912935
2 0.7099614601585363 0.35709171080645824 0.24678729254075585 0.4070824846526603