3 0.22584380144060373 0.48715359848423345 0.22661465726804017 0.2795591044771273
3 0.3203685931329452 0.8427684334007995 0.15166312407456103 0.31446313319840086
3 0.6364914232168578 0.8333966711878693 0.21451647635429047 0.24313028154634891
1 0.8945453346340828 0.5849469623451565 0.15549851909553922 0.3474216338757694
1 0.5916752466760077 0.21376252261277884 0.17308783818178952 0.31254866689245625
0 0.4121696199021542 0.6263366864530173 0.12081309793005204 0.19775582654882307
0 0.5016357842191643 0.5635710928300239 0.12057629958972597 0.19463082654882308
0 0.5233834975012004 0.4007811657608024 0.08620129958972597 0.1928293091359686
0 0.699051884023316 0.10095266338595321 0.08002123195336797 0.13180992198083885
0 0.7558189958275932 0.965393663782438 0.09725535352912935 0.06921267243512404
2 0.39535543111424226 0.26857509610938424 0.17753853984146364 0.3096693283578455