1 0.8679051526245573 0.4565599712223169 0.15326555733782427 0.2727022226762452
0 0.7668812331197239 0.8656446006126164 0.0876511917107738 0.11923178903121964
0 0.4776820592406284 0.506475175453602 0.13895370653952135 0.18982609016268787
1 0.36855641003893114 0.4243171813073344 0.21407040615896059 0.3464760659621911
0 0.26063116349897225 0.40854271126336783 0.10920253954332697 0.18809087334017516
0 0.18404875886006752 0.35197052439688853 0.08385502965749518 0.1410795179539809
0 0.2618886214841873 0.6077069191088902 0.1332767095052709 0.2038522287263694
1 0.17718601623726027 0.7120813226014905 0.23278591406762592 0.3840760599120667
0 0.2328617187852679 0.9367040726996864 0.09721719269935694 0.12397383118569749
0 0.03622666007611217 0.09040683138208919 0.07245332015222435 0.056686337235821636
0 0.11008331273785052 0.09699265378718791 0.06938135277546911 0.09256929508134393