1 0.3703125 0.21328125 0.18671875 0.24453125
1 0.29609375 0.07109375 0.1453125 0.1421875
3 0.771875 0.09140625 0.0703125 0.1796875
0 0.83046875 0.20234375 0.08359375 0.1828125
1 0.4203125 0.7828125 0.07578125 0.29296875
3 0.8 0.40234375 0.11953125 0.22265625
0 0.74921875 0.92890625 0.0671875 0.1046875
1 0.9671875 0.41953125 0.06484375 0.21171875
3 0.5390625 0.84609375 0.16171875 0.22109375
1 0.721875 0.2796875 0.17109375 0.209375
2 0.559375 0.26015625 0.15703125 0.29140625
3 0.18671875 0.93671875 0.1484375 0.1265625
0 0.93046875 0.340625 0.06484375 0.14453125