0 0.8375 0.9421875 0.059375 0.115625
0 0.9359375 0.80078125 0.0484375 0.075
2 0.6625 0.9046875 0.1671875 0.190625
0 0.37890625 0.9328125 0.0890625 0.134375
0 0.3734375 0.70234375 0.121875 0.1875
0 0.10078125 0.83671875 0.0515625 0.0984375
3 0.1109375 0.61796875 0.09375 0.1859375
1 0.25078125 0.68984375 0.1640625 0.3109375
0 0.19140625 0.434375 0.08125 0.11875
3 0.36328125 0.2140625 0.0859375 0.175
1 0.553125 0.18046875 0.2015625 0.29375
3 0.86484375 0.26484375 0.125 0.153125
3 0.81640625 0.07109375 0.128125 0.1265625
0 0.90546875 0.0796875 0.06875 0.146875
3 0.98515625 0.0484375 0.01875 0.096875