1 0.2049067411580044 0.5346229042293 0.2051327470304991 0.347735894391219
0 0.8493313764182435 0.25516346054019345 0.11763744404836282 0.1824583751693421
3 0.8047941147397608 0.20350910730626168 0.14647314937949707 0.26197545680654793
3 0.38079667359439184 0.17956583276885957 0.17821123119538154 0.17315197421940245
1 0.7351387765891634 0.8213760379935277 0.15985368778015677 0.23927494120271567
0 0.30002066435668484 0.5765846749215149 0.09016566191590929 0.1498162935321364
0 0.19783340940862687 0.15707443634147564 0.13376254922121245 0.20046474672063966
0 0.5042903463973609 0.08199919323888061 0.11170569279472176 0.16399838647776122
0 0.07020250290299387 0.12698854590698555 0.1108418747688908 0.16338082654882316
0 0.18559341765539009 0.8658253165992005 0.10900659012915473 0.15392393939369348
0 0.7398390529821361 0.12240959351145173 0.11454118778015676 0.23690021370395287
3 0.42037731380268883 0.35667056535600505 0.23585389812585583 0.27758052464894367
0 0.12410405588513003 0.28534660052039834 0.09618834138279593 0.14233134215265536