1 0.41484375 0.80625 0.15 0.31875
1 0.1015625 0.7609375 0.1234375 0.21875
1 0.68125 0.8609375 0.18125 0.1875
3 0.9296875 0.37734375 0.08125 0.346875
1 0.93359375 0.7703125 0.0625 0.3140625
0 0.50390625 0.38046875 0.053125 0.190625
0 0.7078125 0.378125 0.0734375 0.128125
2 0.53359375 0.58046875 0.1890625 0.29375
1 0.28359375 0.7765625 0.103125 0.3
0 0.3390625 0.91796875 0.075 0.1375
0 0.61015625 0.04765625 0.1171875 0.090625
0 0.6984375 0.06171875 0.0625 0.1234375
3 0.29296875 0.27890625 0.134375 0.20625
0 0.55703125 0.91953125 0.059375 0.159375